Multiple size <= 100
TEST 1 ARG:9 25 40 71 41 97 39 85 15 34 98 83 7 51 63 93 3 66 76 99 31 75 33 0 89 68 53 17 95 38 56 86 45 59 80 61 58 55 64 36 65 84 48 8 5 74 44 72 52 62 26 92 37 91 81 35 57 42 11 18 20 79 70 90 24 69 30 49 88 73 43 10 29 21 96 23 19 46 78 87 2 1 6 94 12 60 4 22 32 67 47 27 54 14 50 82 16 13 77 28
TEST 1 ARG:9 25 40 71 41 97 39 85 15 34 98 83 7 51 63 93 3 66 76 99 31 75 33 0 89 68 53 17 95 38 56 86 45 59 80 61 58 55 64 36 65 84 48 8 5 74 44 72 52 62 26 92 37 91 81 35 57 42 11 18 20 79 70 90 24 69 30 49 88 73 43 10 29 21 96 23 19 46 78 87 2 1 6 94 12 60 4 22 32 67 47 27 54 14 50 82 16 13 77 28
TEST 2 ARG:5 57 58 26 82 35 97 4 15 46 19 50 48 60 37 30 96 99 70 7 77 69 38 80 87 84 93 28 66 24 65 89 83 41 64 55 91 54 10 34 0 73 42 29 8 17 44 74 75 62 81 95 98 36 22 67 31 59 9 3 6 76 25 16 32 13 85 1 11 47 90 12 88 2 43 40 33 45 39 27 94 92 51 79 49 63 61 53 23 14 52 72 20 21 71 18 78 68 56 86
TEST 2 ARG:5 57 58 26 82 35 97 4 15 46 19 50 48 60 37 30 96 99 70 7 77 69 38 80 87 84 93 28 66 24 65 89 83 41 64 55 91 54 10 34 0 73 42 29 8 17 44 74 75 62 81 95 98 36 22 67 31 59 9 3 6 76 25 16 32 13 85 1 11 47 90 12 88 2 43 40 33 45 39 27 94 92 51 79 49 63 61 53 23 14 52 72 20 21 71 18 78 68 56 86
TEST 3 ARG:62 64 12 83 63 97 17 43 96 99 81 5 49 95 94 56 8 30 16 19 92 21 65 22 55 77 10 70 52 35 31 32 38 67 58 57 36 59 60 69 45 28 66 50 87 29 33 93 61 40 84 23 2 4 7 72 18 13 53 85 11 15 26 82 79 89 44 75 78 27 71 91 20 46 51 1 6 34 0 3 39 48 88 73 54 90 9 14 68 41 25 24 98 74 86 47 42 76 37 80
TEST 3 ARG:62 64 12 83 63 97 17 43 96 99 81 5 49 95 94 56 8 30 16 19 92 21 65 22 55 77 10 70 52 35 31 32 38 67 58 57 36 59 60 69 45 28 66 50 87 29 33 93 61 40 84 23 2 4 7 72 18 13 53 85 11 15 26 82 79 89 44 75 78 27 71 91 20 46 51 1 6 34 0 3 39 48 88 73 54 90 9 14 68 41 25 24 98 74 86 47 42 76 37 80
TEST 4 ARG:74 77 44 3 12 73 46 82 10 53 51 32 60 90 40 2 19 96 21 69 94 68 92 64 50 78 55 4 30 18 6 8 52 41 57 72 88 34 76 22 16 54 86 85 80 26 0 75 38 35 47 43 89 62 24 58 56 81 42 31 99 93 14 15 98 95 61 67 97 37 7 33 23 48 1 9 71 36 49 79 66 84 70 17 83 45 39 29 25 13 87 27 65 11 5 28 91 20 63 59
TEST 4 ARG:74 77 44 3 12 73 46 82 10 53 51 32 60 90 40 2 19 96 21 69 94 68 92 64 50 78 55 4 30 18 6 8 52 41 57 72 88 34 76 22 16 54 86 85 80 26 0 75 38 35 47 43 89 62 24 58 56 81 42 31 99 93 14 15 98 95 61 67 97 37 7 33 23 48 1 9 71 36 49 79 66 84 70 17 83 45 39 29 25 13 87 27 65 11 5 28 91 20 63 59
TEST 5 ARG:83 24 36 48 67 64 51 87 68 32 96 93 3 52 56 16 73 66 55 74 77 14 46 98 47 19 13 11 10 1 37 61 69 4 7 95 9 79 22 82 45 43 65 60 21 89 8 26 40 85 94 88 59 5 58 76 38 54 62 31 78 97 35 12 6 23 0 75 63 28 30 25 27 20 41 70 42 53 39 34 81 29 33 90 80 50 57 71 91 49 92 84 18 86 99 15 2 17 44 72
TEST 5 ARG:83 24 36 48 67 64 51 87 68 32 96 93 3 52 56 16 73 66 55 74 77 14 46 98 47 19 13 11 10 1 37 61 69 4 7 95 9 79 22 82 45 43 65 60 21 89 8 26 40 85 94 88 59 5 58 76 38 54 62 31 78 97 35 12 6 23 0 75 63 28 30 25 27 20 41 70 42 53 39 34 81 29 33 90 80 50 57 71 91 49 92 84 18 86 99 15 2 17 44 72
TEST 6 ARG:10 49 97 89 6 3 74 69 21 65 37 86 32 95 28 66 50 24 20 51 45 14 72 5 43 27 31 52 77 41 26 67 83 55 29 75 57 98 46 8 71 82 44 7 60 2 47 22 23 94 59 17 93 54 90 68 63 87 85 48 42 61 73 18 84 39 96 56 0 12 64 1 58 25 30 76 38 36 92 99 9 53 40 62 88 91 34 13 33 19 70 11 16 35 81 4 80 78 15 79
TEST 6 ARG:10 49 97 89 6 3 74 69 21 65 37 86 32 95 28 66 50 24 20 51 45 14 72 5 43 27 31 52 77 41 26 67 83 55 29 75 57 98 46 8 71 82 44 7 60 2 47 22 23 94 59 17 93 54 90 68 63 87 85 48 42 61 73 18 84 39 96 56 0 12 64 1 58 25 30 76 38 36 92 99 9 53 40 62 88 91 34 13 33 19 70 11 16 35 81 4 80 78 15 79
TEST 7 ARG:71 57 72 62 23 9 79 30 58 4 75 80 95 85 63 74 88 94 76 44 32 59 42 10 98 40 43 49 47 92 29 38 14 48 33 86 35 73 66 24 69 64 84 65 93 0 2 52 22 82 21 15 56 60 83 25 18 41 77 81 99 51 5 19 50 53 13 55 37 16 45 6 78 54 96 91 90 34 27 87 8 31 36 70 28 3 12 26 97 39 68 11 17 1 46 89 67 7 20 61
TEST 7 ARG:71 57 72 62 23 9 79 30 58 4 75 80 95 85 63 74 88 94 76 44 32 59 42 10 98 40 43 49 47 92 29 38 14 48 33 86 35 73 66 24 69 64 84 65 93 0 2 52 22 82 21 15 56 60 83 25 18 41 77 81 99 51 5 19 50 53 13 55 37 16 45 6 78 54 96 91 90 34 27 87 8 31 36 70 28 3 12 26 97 39 68 11 17 1 46 89 67 7 20 61
TEST 8 ARG:9 83 68 80 53 92 54 30 25 19 13 69 61 70 50 71 16 31 74 34 27 55 58 20 37 78 94 28 63 48 45 17 87 99 64 75 90 88 29 10 3 38 33 15 82 84 72 14 66 18 60 96 43 32 91 11 51 44 7 39 81 26 67 46 5 40 21 12 42 41 85 98 59 65 0 52 22 56 6 95 47 89 35 79 4 36 8 23 2 1 24 93 49 97 62 73 76 77 57 86
TEST 8 ARG:9 83 68 80 53 92 54 30 25 19 13 69 61 70 50 71 16 31 74 34 27 55 58 20 37 78 94 28 63 48 45 17 87 99 64 75 90 88 29 10 3 38 33 15 82 84 72 14 66 18 60 96 43 32 91 11 51 44 7 39 81 26 67 46 5 40 21 12 42 41 85 98 59 65 0 52 22 56 6 95 47 89 35 79 4 36 8 23 2 1 24 93 49 97 62 73 76 77 57 86
TEST 9 ARG:18 78 6 37 5 14 11 49 70 89 98 74 62 38 33 91 66 71 80 46 19 76 3 82 72 81 39 36 54 8 99 97 34 60 30 73 67 23 92 51 13 10 40 47 15 48 95 57 63 22 20 28 0 59 84 55 53 77 43 69 90 79 31 65 56 29 64 45 21 4 16 12 96 42 83 25 61 9 27 44 1 86 26 52 85 50 94 41 58 2 88 32 35 87 68 17 75 24 7 93
TEST 9 ARG:18 78 6 37 5 14 11 49 70 89 98 74 62 38 33 91 66 71 80 46 19 76 3 82 72 81 39 36 54 8 99 97 34 60 30 73 67 23 92 51 13 10 40 47 15 48 95 57 63 22 20 28 0 59 84 55 53 77 43 69 90 79 31 65 56 29 64 45 21 4 16 12 96 42 83 25 61 9 27 44 1 86 26 52 85 50 94 41 58 2 88 32 35 87 68 17 75 24 7 93
TEST 10 ARG:38 23 49 47 18 62 99 55 82 69 34 65 41 3 74 78 7 92 4 68 37 86 6 29 59 1 11 97 58 25 67 56 84 28 21 53 60 32 43 15 20 89 12 35 39 63 45 0 48 57 79 24 96 91 61 36 31 85 2 87 98 5 76 70 51 80 27 54 66 93 64 42 50 95 10 19 71 33 52 75 16 83 44 40 13 94 73 30 90 14 77 46 22 88 17 81 72 26 8 9
TEST 10 ARG:38 23 49 47 18 62 99 55 82 69 34 65 41 3 74 78 7 92 4 68 37 86 6 29 59 1 11 97 58 25 67 56 84 28 21 53 60 32 43 15 20 89 12 35 39 63 45 0 48 57 79 24 96 91 61 36 31 85 2 87 98 5 76 70 51 80 27 54 66 93 64 42 50 95 10 19 71 33 52 75 16 83 44 40 13 94 73 30 90 14 77 46 22 88 17 81 72 26 8 9
TEST 11 ARG:61 40 22 24 32 39 96 97 28 33 10 46 63 37 16 80 69 4 30 48 75 2 56 0 8 44 78 19 60 77 6 79 43 73 66 99 50 62 38 26 98 88 49 11 94 41 25 35 76 3 93 70 71 23 92 82 91 65 68 27 64 47 87 55 67 53 74 15 52 18 90 83 54 45 14 85 20 51 89 58 7 21 84 29 59 13 42 12 81 72 17 9 34 95 36 5 31 57 1 86
TEST 11 ARG:61 40 22 24 32 39 96 97 28 33 10 46 63 37 16 80 69 4 30 48 75 2 56 0 8 44 78 19 60 77 6 79 43 73 66 99 50 62 38 26 98 88 49 11 94 41 25 35 76 3 93 70 71 23 92 82 91 65 68 27 64 47 87 55 67 53 74 15 52 18 90 83 54 45 14 85 20 51 89 58 7 21 84 29 59 13 42 12 81 72 17 9 34 95 36 5 31 57 1 86
TEST 12 ARG:87 97 57 10 58 84 34 55 25 74 20 90 35 50 80 86 30 53 42 67 6 48 70 8 72 28 37 41 32 63 73 92 18 79 43 1 21 38 14 81 78 33 12 99 83 93 61 51 15 71 98 31 69 44 95 76 36 64 65 75 40 89 9 45 4 60 96 29 11 94 24 5 0 56 17 49 52 85 91 66 3 16 82 62 46 19 2 54 23 68 88 26 7 13 77 27 59 47 22 39
TEST 12 ARG:87 97 57 10 58 84 34 55 25 74 20 90 35 50 80 86 30 53 42 67 6 48 70 8 72 28 37 41 32 63 73 92 18 79 43 1 21 38 14 81 78 33 12 99 83 93 61 51 15 71 98 31 69 44 95 76 36 64 65 75 40 89 9 45 4 60 96 29 11 94 24 5 0 56 17 49 52 85 91 66 3 16 82 62 46 19 2 54 23 68 88 26 7 13 77 27 59 47 22 39
TEST 13 ARG:36 17 46 61 1 59 86 48 79 71 12 88 26 98 19 31 18 84 32 67 55 25 91 45 87 30 56 22 41 60 92 21 37 74 95 54 33 64 7 38 20 83 2 50 76 53 73 28 66 96 52 89 94 99 44 57 51 81 5 39 23 34 80 10 93 43 63 78 3 6 29 24 27 97 62 11 58 85 65 47 68 40 75 0 13 82 9 35 72 14 70 90 49 77 16 69 42 4 15 8
TEST 13 ARG:36 17 46 61 1 59 86 48 79 71 12 88 26 98 19 31 18 84 32 67 55 25 91 45 87 30 56 22 41 60 92 21 37 74 95 54 33 64 7 38 20 83 2 50 76 53 73 28 66 96 52 89 94 99 44 57 51 81 5 39 23 34 80 10 93 43 63 78 3 6 29 24 27 97 62 11 58 85 65 47 68 40 75 0 13 82 9 35 72 14 70 90 49 77 16 69 42 4 15 8
TEST 14 ARG:67 93 61 85 8 84 17 56 94 38 47 31 34 99 7 73 23 19 82 87 18 45 21 32 59 41 92 95 71 90 79 63 6 20 15 40 78 58 68 44 43 72 42 3 75 13 49 2 65 70 66 50 29 69 55 4 53 91 81 0 12 83 86 11 30 74 80 35 28 51 33 57 88 77 39 27 60 89 52 9 24 16 54 36 22 37 96 48 26 1 5 14 98 97 25 46 64 62 76 10
TEST 14 ARG:67 93 61 85 8 84 17 56 94 38 47 31 34 99 7 73 23 19 82 87 18 45 21 32 59 41 92 95 71 90 79 63 6 20 15 40 78 58 68 44 43 72 42 3 75 13 49 2 65 70 66 50 29 69 55 4 53 91 81 0 12 83 86 11 30 74 80 35 28 51 33 57 88 77 39 27 60 89 52 9 24 16 54 36 22 37 96 48 26 1 5 14 98 97 25 46 64 62 76 10
TEST 15 ARG:64 6 47 75 32 80 52 87 76 13 44 7 89 50 79 61 34 11 65 33 14 93 27 98 77 88 0 12 62 38 72 69 8 57 91 49 22 5 58 29 53 10 67 63 35 96 37 56 82 74 40 3 30 17 42 94 68 39 28 31 78 99 26 81 20 21 16 15 84 71 60 51 54 45 85 66 19 18 83 41 97 48 9 4 95 55 36 23 1 70 43 2 24 46 25 73 90 92 86 59
TEST 15 ARG:64 6 47 75 32 80 52 87 76 13 44 7 89 50 79 61 34 11 65 33 14 93 27 98 77 88 0 12 62 38 72 69 8 57 91 49 22 5 58 29 53 10 67 63 35 96 37 56 82 74 40 3 30 17 42 94 68 39 28 31 78 99 26 81 20 21 16 15 84 71 60 51 54 45 85 66 19 18 83 41 97 48 9 4 95 55 36 23 1 70 43 2 24 46 25 73 90 92 86 59
TEST 16 ARG:45 6 21 97 26 83 10 66 7 47 65 95 1 90 0 20 49 28 13 12 85 75 80 35 69 51 96 15 46 40 93 71 67 68 59 30 11 17 72 24 52 14 74 89 62 42 29 3 22 77 55 92 73 87 44 57 9 43 91 48 16 31 79 41 54 32 2 36 64 38 27 18 56 37 82 76 88 81 4 84 63 39 50 99 58 53 23 94 60 86 8 33 5 98 25 70 78 19 34 61
TEST 16 ARG:45 6 21 97 26 83 10 66 7 47 65 95 1 90 0 20 49 28 13 12 85 75 80 35 69 51 96 15 46 40 93 71 67 68 59 30 11 17 72 24 52 14 74 89 62 42 29 3 22 77 55 92 73 87 44 57 9 43 91 48 16 31 79 41 54 32 2 36 64 38 27 18 56 37 82 76 88 81 4 84 63 39 50 99 58 53 23 94 60 86 8 33 5 98 25 70 78 19 34 61
TEST 17 ARG:75 80 39 17 33 99 38 24 58 47 34 77 5 0 66 36 65 9 55 16 64 53 83 69 29 98 10 23 1 40 18 94 97 13 85 25 57 92 42 3 49 21 74 41 30 15 8 19 14 45 2 54 56 7 26 86 63 59 67 4 31 11 93 95 35 90 89 82 48 52 50 22 73 87 71 62 78 43 60 70 32 20 12 72 79 46 37 51 76 44 6 27 91 84 81 88 96 28 61 68
TEST 17 ARG:75 80 39 17 33 99 38 24 58 47 34 77 5 0 66 36 65 9 55 16 64 53 83 69 29 98 10 23 1 40 18 94 97 13 85 25 57 92 42 3 49 21 74 41 30 15 8 19 14 45 2 54 56 7 26 86 63 59 67 4 31 11 93 95 35 90 89 82 48 52 50 22 73 87 71 62 78 43 60 70 32 20 12 72 79 46 37 51 76 44 6 27 91 84 81 88 96 28 61 68
TEST 18 ARG:39 79 49 10 60 91 69 47 95 71 85 45 12 97 8 23 28 99 82 7 34 14 32 48 64 9 83 94 18 40 43 66 17 0 55 13 24 46 53 86 20 76 81 36 42 58 35 72 19 62 2 1 15 70 33 54 96 27 56 22 57 5 44 77 89 67 6 74 84 38 29 88 52 21 25 30 73 90 11 16 26 75 50 93 92 68 80 37 78 31 59 51 3 87 63 4 61 65 98 41
TEST 18 ARG:39 79 49 10 60 91 69 47 95 71 85 45 12 97 8 23 28 99 82 7 34 14 32 48 64 9 83 94 18 40 43 66 17 0 55 13 24 46 53 86 20 76 81 36 42 58 35 72 19 62 2 1 15 70 33 54 96 27 56 22 57 5 44 77 89 67 6 74 84 38 29 88 52 21 25 30 73 90 11 16 26 75 50 93 92 68 80 37 78 31 59 51 3 87 63 4 61 65 98 41
TEST 19 ARG:49 88 55 98 59 75 29 79 57 58 52 74 70 7 72 83 84 56 20 35 30 61 99 65 67 40 97 62 94 86 28 3 48 43 80 87 93 85 90 24 17 39 27 63 22 2 77 66 23 96 71 68 50 32 44 4 42 60 10 95 14 13 73 31 54 6 1 76 38 78 18 91 41 25 26 92 8 51 19 89 47 33 34 9 64 53 15 81 69 36 46 37 0 12 11 16 82 21 45 5
TEST 19 ARG:49 88 55 98 59 75 29 79 57 58 52 74 70 7 72 83 84 56 20 35 30 61 99 65 67 40 97 62 94 86 28 3 48 43 80 87 93 85 90 24 17 39 27 63 22 2 77 66 23 96 71 68 50 32 44 4 42 60 10 95 14 13 73 31 54 6 1 76 38 78 18 91 41 25 26 92 8 51 19 89 47 33 34 9 64 53 15 81 69 36 46 37 0 12 11 16 82 21 45 5
TEST 20 ARG:46 89 9 58 24 75 67 95 14 98 10 31 25 35 93 40 86 27 57 3 80 2 34 88 44 66 53 71 0 41 20 92 19 61 49 78 47 90 55 8 74 16 32 83 76 45 85 65 59 64 33 50 37 73 56 72 1 4 70 48 82 52 5 94 30 87 84 42 51 63 36 54 79 69 96 97 38 39 29 12 81 26 23 77 99 21 13 18 6 28 62 7 91 43 17 60 11 68 15 22
TEST 20 ARG:46 89 9 58 24 75 67 95 14 98 10 31 25 35 93 40 86 27 57 3 80 2 34 88 44 66 53 71 0 41 20 92 19 61 49 78 47 90 55 8 74 16 32 83 76 45 85 65 59 64 33 50 37 73 56 72 1 4 70 48 82 52 5 94 30 87 84 42 51 63 36 54 79 69 96 97 38 39 29 12 81 26 23 77 99 21 13 18 6 28 62 7 91 43 17 60 11 68 15 22
TEST 21 ARG:9 34 24 69 85 40 80 35 3 82 92 43 1 10 15 4 66 22 45 99 8 32 51 14 64 60 11 50 55 41 7 27 70 58 5 37 16 73 47 20 90 94 6 25 83 68 84 88 0 36 18 31 28 13 81 98 57 79 87 12 93 21 2 95 91 63 96 72 30 77 74 42 71 52 39 97 65 61 89 86 38 26 48 19 33 67 78 75 54 44 49 62 76 23 56 46 53 17 29 59
TEST 21 ARG:9 34 24 69 85 40 80 35 3 82 92 43 1 10 15 4 66 22 45 99 8 32 51 14 64 60 11 50 55 41 7 27 70 58 5 37 16 73 47 20 90 94 6 25 83 68 84 88 0 36 18 31 28 13 81 98 57 79 87 12 93 21 2 95 91 63 96 72 30 77 74 42 71 52 39 97 65 61 89 86 38 26 48 19 33 67 78 75 54 44 49 62 76 23 56 46 53 17 29 59
TEST 22 ARG:62 66 84 30 33 27 69 18 94 54 48 2 35 38 3 85 57 49 13 50 59 24 89 0 86 17 12 81 16 93 82 25 79 45 73 32 55 63 83 95 20 88 87 43 80 51 56 15 40 4 67 21 77 19 7 70 26 1 64 23 97 99 46 68 6 41 37 11 91 14 42 47 39 31 34 52 92 65 44 53 90 71 98 78 61 72 58 10 22 28 76 96 9 5 75 36 60 74 8 29
TEST 22 ARG:62 66 84 30 33 27 69 18 94 54 48 2 35 38 3 85 57 49 13 50 59 24 89 0 86 17 12 81 16 93 82 25 79 45 73 32 55 63 83 95 20 88 87 43 80 51 56 15 40 4 67 21 77 19 7 70 26 1 64 23 97 99 46 68 6 41 37 11 91 14 42 47 39 31 34 52 92 65 44 53 90 71 98 78 61 72 58 10 22 28 76 96 9 5 75 36 60 74 8 29
TEST 23 ARG:83 43 90 46 98 92 88 55 33 72 80 69 9 91 95 49 50 99 37 17 6 8 5 31 79 86 94 77 24 64 96 40 76 74 30 12 85 63 35 89 36 59 29 45 56 65 25 26 62 52 54 14 97 57 10 70 44 18 41 22 38 32 28 39 84 21 87 60 0 81 68 82 4 20 67 47 19 48 11 27 53 71 23 75 61 13 51 42 58 34 73 16 7 78 66 93 3 1 2 15
TEST 23 ARG:83 43 90 46 98 92 88 55 33 72 80 69 9 91 95 49 50 99 37 17 6 8 5 31 79 86 94 77 24 64 96 40 76 74 30 12 85 63 35 89 36 59 29 45 56 65 25 26 62 52 54 14 97 57 10 70 44 18 41 22 38 32 28 39 84 21 87 60 0 81 68 82 4 20 67 47 19 48 11 27 53 71 23 75 61 13 51 42 58 34 73 16 7 78 66 93 3 1 2 15
TEST 24 ARG:66 95 55 82 91 3 30 28 16 13 98 45 88 38 35 8 46 52 15 64 71 24 84 79 78 48 11 14 17 63 49 74 22 61 59 73 7 56 57 27 51 92 76 42 77 21 97 50 33 19 53 39 4 34 89 23 70 6 65 36 67 26 41 20 12 10 0 93 2 40 60 32 9 83 90 85 87 44 29 5 62 25 18 80 86 58 75 99 37 72 47 68 69 54 81 1 96 31 43 94
TEST 24 ARG:66 95 55 82 91 3 30 28 16 13 98 45 88 38 35 8 46 52 15 64 71 24 84 79 78 48 11 14 17 63 49 74 22 61 59 73 7 56 57 27 51 92 76 42 77 21 97 50 33 19 53 39 4 34 89 23 70 6 65 36 67 26 41 20 12 10 0 93 2 40 60 32 9 83 90 85 87 44 29 5 62 25 18 80 86 58 75 99 37 72 47 68 69 54 81 1 96 31 43 94
TEST 25 ARG:36 94 25 92 50 1 90 89 99 84 98 77 37 47 54 66 81 91 93 13 80 70 95 86 3 41 56 34 68 55 39 75 76 85 62 0 22 33 45 96 11 60 73 97 44 43 59 51 72 21 28 61 58 2 24 20 71 57 29 64 48 12 7 49 16 19 27 79 26 10 5 9 74 15 65 63 38 67 32 6 87 46 18 40 17 69 82 14 53 23 78 35 31 4 88 42 8 83 52 30
TEST 25 ARG:36 94 25 92 50 1 90 89 99 84 98 77 37 47 54 66 81 91 93 13 80 70 95 86 3 41 56 34 68 55 39 75 76 85 62 0 22 33 45 96 11 60 73 97 44 43 59 51 72 21 28 61 58 2 24 20 71 57 29 64 48 12 7 49 16 19 27 79 26 10 5 9 74 15 65 63 38 67 32 6 87 46 18 40 17 69 82 14 53 23 78 35 31 4 88 42 8 83 52 30
TEST 26 ARG:12 75 49 2 51 85 77 64 43 21 56 89 39 74 50 46 98 69 83 14 33 87 55 67 71 32 15 3 47 45 20 66 94 93 57 86 42 18 9 84 41 63 23 81 53 48 35 17 54 34 31 92 62 8 37 73 95 38 16 10 82 91 90 99 24 59 28 58 11 6 68 0 26 78 36 27 1 76 97 79 60 88 72 13 61 5 40 22 44 25 30 70 19 29 96 52 7 65 4 80
TEST 26 ARG:12 75 49 2 51 85 77 64 43 21 56 89 39 74 50 46 98 69 83 14 33 87 55 67 71 32 15 3 47 45 20 66 94 93 57 86 42 18 9 84 41 63 23 81 53 48 35 17 54 34 31 92 62 8 37 73 95 38 16 10 82 91 90 99 24 59 28 58 11 6 68 0 26 78 36 27 1 76 97 79 60 88 72 13 61 5 40 22 44 25 30 70 19 29 96 52 7 65 4 80
TEST 27 ARG:32 83 85 61 91 72 62 3 59 52 7 82 84 12 57 30 24 44 63 35 19 86 94 97 8 64 2 1 55 40 15 36 26 0 71 69 34 73 31 38 46 21 22 77 48 66 76 47 89 90 17 79 96 20 45 14 29 56 33 4 5 58 95 78 41 88 67 68 80 42 93 65 9 37 13 75 27 54 11 81 18 70 51 23 98 6 16 50 87 60 49 74 28 10 99 39 92 53 43 25
TEST 27 ARG:32 83 85 61 91 72 62 3 59 52 7 82 84 12 57 30 24 44 63 35 19 86 94 97 8 64 2 1 55 40 15 36 26 0 71 69 34 73 31 38 46 21 22 77 48 66 76 47 89 90 17 79 96 20 45 14 29 56 33 4 5 58 95 78 41 88 67 68 80 42 93 65 9 37 13 75 27 54 11 81 18 70 51 23 98 6 16 50 87 60 49 74 28 10 99 39 92 53 43 25
TEST 28 ARG:98 2 88 89 39 56 47 85 31 57 27 33 73 60 95 51 19 80 6 67 52 25 66 76 97 63 22 5 42 99 54 64 91 4 59 29 18 96 26 15 69 17 45 61 62 79 13 16 36 81 23 30 78 77 38 75 37 65 82 83 10 14 70 46 93 68 53 84 9 12 58 49 44 50 94 48 72 92 11 90 86 20 35 28 55 87 8 0 71 74 21 1 43 34 41 7 24 40 3 32
TEST 28 ARG:98 2 88 89 39 56 47 85 31 57 27 33 73 60 95 51 19 80 6 67 52 25 66 76 97 63 22 5 42 99 54 64 91 4 59 29 18 96 26 15 69 17 45 61 62 79 13 16 36 81 23 30 78 77 38 75 37 65 82 83 10 14 70 46 93 68 53 84 9 12 58 49 44 50 94 48 72 92 11 90 86 20 35 28 55 87 8 0 71 74 21 1 43 34 41 7 24 40 3 32
TEST 29 ARG:26 62 16 7 72 83 92 63 14 21 74 9 85 1 51 2 96 81 38 13 43 31 89 64 47 41 49 48 39 79 70 36 57 56 8 59 67 37 27 53 54 33 11 73 17 5 6 4 35 76 61 90 93 98 20 12 23 87 50 22 86 78 71 75 91 44 99 66 69 34 46 32 24 58 29 28 65 15 88 80 42 18 68 60 3 52 19 40 45 94 82 97 55 84 0 25 10 77 30 95
TEST 29 ARG:26 62 16 7 72 83 92 63 14 21 74 9 85 1 51 2 96 81 38 13 43 31 89 64 47 41 49 48 39 79 70 36 57 56 8 59 67 37 27 53 54 33 11 73 17 5 6 4 35 76 61 90 93 98 20 12 23 87 50 22 86 78 71 75 91 44 99 66 69 34 46 32 24 58 29 28 65 15 88 80 42 18 68 60 3 52 19 40 45 94 82 97 55 84 0 25 10 77 30 95
TEST 30 ARG:26 47 75 54 24 96 64 6 91 41 59 31 94 1 25 95 40 7 56 27 86 16 37 72 0 5 18 57 84 89 19 66 85 81 61 48 42 70 13 60 8 63 93 49 92 53 32 62 2 51 46 83 82 73 99 74 20 67 87 29 3 52 65 22 77 39 69 15 58 45 38 21 43 55 10 23 98 30 35 90 17 97 34 50 33 9 68 78 14 36 12 76 88 80 11 71 4 44 28 79
TEST 30 ARG:26 47 75 54 24 96 64 6 91 41 59 31 94 1 25 95 40 7 56 27 86 16 37 72 0 5 18 57 84 89 19 66 85 81 61 48 42 70 13 60 8 63 93 49 92 53 32 62 2 51 46 83 82 73 99 74 20 67 87 29 3 52 65 22 77 39 69 15 58 45 38 21 43 55 10 23 98 30 35 90 17 97 34 50 33 9 68 78 14 36 12 76 88 80 11 71 4 44 28 79
TEST 31 ARG:60 24 91 33 20 14 11 76 18 71 49 90 92 54 62 13 29 82 21 27 39 8 9 10 75 37 45 68 72 63 16 57 78 87 65 43 44 26 79 51 2 6 88 36 23 52 31 48 38 53 46 73 30 3 25 85 5 55 86 99 83 34 93 7 64 28 42 77 35 74 61 41 81 47 80 66 96 95 67 32 50 69 97 40 12 70 58 1 17 89 0 19 22 59 98 4 15 84 56 94
TEST 31 ARG:60 24 91 33 20 14 11 76 18 71 49 90 92 54 62 13 29 82 21 27 39 8 9 10 75 37 45 68 72 63 16 57 78 87 65 43 44 26 79 51 2 6 88 36 23 52 31 48 38 53 46 73 30 3 25 85 5 55 86 99 83 34 93 7 64 28 42 77 35 74 61 41 81 47 80 66 96 95 67 32 50 69 97 40 12 70 58 1 17 89 0 19 22 59 98 4 15 84 56 94
TEST 32 ARG:87 41 40 19 1 67 65 99 46 7 89 63 86 64 54 96 20 71 26 82 32 73 47 78 90 93 97 4 61 69 51 35 76 29 17 60 2 24 53 10 39 11 59 70 23 56 5 48 16 18 21 36 22 6 95 33 79 27 81 57 28 84 55 85 68 50 25 3 98 12 8 37 66 88 0 9 44 43 83 45 74 49 34 62 14 30 72 80 38 13 75 77 52 31 91 42 15 94 92 58
TEST 32 ARG:87 41 40 19 1 67 65 99 46 7 89 63 86 64 54 96 20 71 26 82 32 73 47 78 90 93 97 4 61 69 51 35 76 29 17 60 2 24 53 10 39 11 59 70 23 56 5 48 16 18 21 36 22 6 95 33 79 27 81 57 28 84 55 85 68 50 25 3 98 12 8 37 66 88 0 9 44 43 83 45 74 49 34 62 14 30 72 80 38 13 75 77 52 31 91 42 15 94 92 58
TEST 33 ARG:4 78 76 39 53 22 95 81 69 47 21 67 43 86 99 41 94 80 60 31 13 3 75 88 28 8 37 89 40 91 68 10 19 51 48 93 7 58 42 12 16 23 59 84 57 71 64 1 66 32 24 44 26 36 49 20 70 56 77 34 72 14 11 27 50 46 15 61 79 62 63 2 38 17 90 0 92 65 73 30 18 33 74 52 83 54 97 29 96 6 35 87 25 45 55 5 98 85 82 9
TEST 33 ARG:4 78 76 39 53 22 95 81 69 47 21 67 43 86 99 41 94 80 60 31 13 3 75 88 28 8 37 89 40 91 68 10 19 51 48 93 7 58 42 12 16 23 59 84 57 71 64 1 66 32 24 44 26 36 49 20 70 56 77 34 72 14 11 27 50 46 15 61 79 62 63 2 38 17 90 0 92 65 73 30 18 33 74 52 83 54 97 29 96 6 35 87 25 45 55 5 98 85 82 9
TEST 34 ARG:93 78 39 62 8 19 48 9 54 83 59 79 94 52 96 90 36 6 15 22 13 34 88 7 31 50 24 77 74 81 98 0 99 67 12 23 57 56 43 66 46 28 3 40 2 18 4 64 26 32 55 72 45 68 42 21 65 20 92 86 29 25 76 27 35 84 58 38 11 30 70 89 87 49 37 91 97 41 60 47 95 1 16 63 33 85 71 53 5 51 61 82 44 75 17 73 80 69 10 14
TEST 34 ARG:93 78 39 62 8 19 48 9 54 83 59 79 94 52 96 90 36 6 15 22 13 34 88 7 31 50 24 77 74 81 98 0 99 67 12 23 57 56 43 66 46 28 3 40 2 18 4 64 26 32 55 72 45 68 42 21 65 20 92 86 29 25 76 27 35 84 58 38 11 30 70 89 87 49 37 91 97 41 60 47 95 1 16 63 33 85 71 53 5 51 61 82 44 75 17 73 80 69 10 14
TEST 35 ARG:3 94 75 88 93 72 9 42 45 24 32 29 19 30 83 46 25 86 74 27 43 55 71 14 36 57 85 58 51 15 48 22 44 8 68 34 87 59 6 63 1 90 31 33 12 0 7 64 4 13 67 65 53 41 97 80 17 98 81 5 35 18 39 38 26 82 84 76 50 54 10 52 61 70 91 11 62 60 21 47 56 79 40 69 78 2 20 49 77 89 23 95 73 99 37 66 28 92 96 16
TEST 35 ARG:3 94 75 88 93 72 9 42 45 24 32 29 19 30 83 46 25 86 74 27 43 55 71 14 36 57 85 58 51 15 48 22 44 8 68 34 87 59 6 63 1 90 31 33 12 0 7 64 4 13 67 65 53 41 97 80 17 98 81 5 35 18 39 38 26 82 84 76 50 54 10 52 61 70 91 11 62 60 21 47 56 79 40 69 78 2 20 49 77 89 23 95 73 99 37 66 28 92 96 16
TEST 36 ARG:13 40 52 41 94 57 26 39 86 12 65 98 2 28 1 42 68 91 30 66 80 27 60 55 0 50 92 74 51 44 15 59 35 8 70 93 47 49 46 34 25 3 56 82 89 20 43 72 81 62 87 22 63 7 4 10 77 58 11 32 38 37 88 21 85 33 29 97 19 99 36 48 61 95 23 71 18 84 76 79 64 96 83 14 75 78 53 16 24 31 6 54 17 69 9 67 90 5 45 73
TEST 36 ARG:13 40 52 41 94 57 26 39 86 12 65 98 2 28 1 42 68 91 30 66 80 27 60 55 0 50 92 74 51 44 15 59 35 8 70 93 47 49 46 34 25 3 56 82 89 20 43 72 81 62 87 22 63 7 4 10 77 58 11 32 38 37 88 21 85 33 29 97 19 99 36 48 61 95 23 71 18 84 76 79 64 96 83 14 75 78 53 16 24 31 6 54 17 69 9 67 90 5 45 73
TEST 37 ARG:12 16 23 15 49 74 1 97 60 78 54 4 20 17 21 5 61 38 27 13 37 98 72 91 75 10 96 82 6 22 28 59 58 67 70 50 11 25 46 55 77 71 26 64 76 36 81 35 89 19 47 62 43 57 2 85 53 66 34 84 83 95 8 90 33 52 30 18 94 65 3 56 86 45 69 87 42 40 79 14 68 9 29 0 88 51 48 31 24 93 80 7 44 32 41 92 99 73 39 63
TEST 37 ARG:12 16 23 15 49 74 1 97 60 78 54 4 20 17 21 5 61 38 27 13 37 98 72 91 75 10 96 82 6 22 28 59 58 67 70 50 11 25 46 55 77 71 26 64 76 36 81 35 89 19 47 62 43 57 2 85 53 66 34 84 83 95 8 90 33 52 30 18 94 65 3 56 86 45 69 87 42 40 79 14 68 9 29 0 88 51 48 31 24 93 80 7 44 32 41 92 99 73 39 63
TEST 38 ARG:47 97 14 49 69 9 75 82 58 35 91 39 18 34 74 83 56 95 30 73 51 61 59 44 0 60 26 1 52 79 78 50 29 17 86 8 36 57 3 65 81 71 41 7 68 32 13 92 37 10 27 5 94 25 89 46 85 24 66 99 72 23 98 87 31 67 62 88 38 80 53 2 93 28 48 84 54 96 15 55 6 77 11 43 20 4 76 16 19 64 33 63 40 12 70 22 90 42 21 45
TEST 38 ARG:47 97 14 49 69 9 75 82 58 35 91 39 18 34 74 83 56 95 30 73 51 61 59 44 0 60 26 1 52 79 78 50 29 17 86 8 36 57 3 65 81 71 41 7 68 32 13 92 37 10 27 5 94 25 89 46 85 24 66 99 72 23 98 87 31 67 62 88 38 80 53 2 93 28 48 84 54 96 15 55 6 77 11 43 20 4 76 16 19 64 33 63 40 12 70 22 90 42 21 45
TEST 39 ARG:34 76 60 65 97 4 59 21 67 11 14 17 71 99 39 87 40 63 36 23 66 93 10 43 28 0 7 5 92 81 70 64 82 54 61 3 80 22 53 15 96 56 86 48 42 51 68 30 78 72 90 98 12 75 44 2 35 74 79 16 58 6 45 52 49 37 9 33 24 89 83 26 18 31 55 38 25 20 1 88 50 46 69 57 62 32 84 29 91 41 27 95 19 8 13 77 85 47 94 73
TEST 39 ARG:34 76 60 65 97 4 59 21 67 11 14 17 71 99 39 87 40 63 36 23 66 93 10 43 28 0 7 5 92 81 70 64 82 54 61 3 80 22 53 15 96 56 86 48 42 51 68 30 78 72 90 98 12 75 44 2 35 74 79 16 58 6 45 52 49 37 9 33 24 89 83 26 18 31 55 38 25 20 1 88 50 46 69 57 62 32 84 29 91 41 27 95 19 8 13 77 85 47 94 73
TEST 40 ARG:58 76 99 68 98 90 42 78 89 43 5 6 88 8 13 86 23 16 31 92 72 38 47 95 66 14 15 61 0 37 9 45 41 60 81 10 40 71 57 18 67 79 32 73 55 44 29 30 74 69 46 26 33 59 11 77 17 56 82 87 4 21 35 94 83 85 62 80 54 75 28 7 36 93 97 63 49 1 19 70 39 12 3 20 25 84 96 24 27 64 22 48 53 34 91 51 52 2 50 65
TEST 40 ARG:58 76 99 68 98 90 42 78 89 43 5 6 88 8 13 86 23 16 31 92 72 38 47 95 66 14 15 61 0 37 9 45 41 60 81 10 40 71 57 18 67 79 32 73 55 44 29 30 74 69 46 26 33 59 11 77 17 56 82 87 4 21 35 94 83 85 62 80 54 75 28 7 36 93 97 63 49 1 19 70 39 12 3 20 25 84 96 24 27 64 22 48 53 34 91 51 52 2 50 65
TEST 41 ARG:11 93 82 25 15 85 92 45 73 57 53 88 67 26 32 21 55 1 71 62 35 37 14 72 84 9 68 27 24 43 83 39 65 36 41 7 0 94 98 16 30 17 81 77 79 48 52 46 51 3 54 34 56 20 10 91 89 59 13 58 23 99 18 4 29 28 47 50 76 2 6 22 86 5 61 63 78 31 80 40 12 19 49 95 87 96 8 70 44 42 60 74 69 75 90 38 64 97 33 66
TEST 41 ARG:11 93 82 25 15 85 92 45 73 57 53 88 67 26 32 21 55 1 71 62 35 37 14 72 84 9 68 27 24 43 83 39 65 36 41 7 0 94 98 16 30 17 81 77 79 48 52 46 51 3 54 34 56 20 10 91 89 59 13 58 23 99 18 4 29 28 47 50 76 2 6 22 86 5 61 63 78 31 80 40 12 19 49 95 87 96 8 70 44 42 60 74 69 75 90 38 64 97 33 66
TEST 42 ARG:50 46 57 7 55 75 49 4 82 58 22 24 39 32 88 48 98 9 61 47 3 18 43 53 21 87 40 8 99 73 70 28 91 90 84 68 11 93 34 52 92 78 59 29 13 62 36 38 64 19 20 63 94 23 89 33 12 71 17 31 56 15 25 76 74 42 1 45 30 44 0 85 14 16 10 72 26 27 80 96 81 65 97 66 2 51 83 95 35 79 69 54 6 5 41 86 37 77 67 60
TEST 42 ARG:50 46 57 7 55 75 49 4 82 58 22 24 39 32 88 48 98 9 61 47 3 18 43 53 21 87 40 8 99 73 70 28 91 90 84 68 11 93 34 52 92 78 59 29 13 62 36 38 64 19 20 63 94 23 89 33 12 71 17 31 56 15 25 76 74 42 1 45 30 44 0 85 14 16 10 72 26 27 80 96 81 65 97 66 2 51 83 95 35 79 69 54 6 5 41 86 37 77 67 60
TEST 43 ARG:83 67 65 97 6 38 43 81 22 48 53 42 16 88 36 13 18 21 26 28 51 35 93 45 46 54 0 84 34 44 8 75 57 31 5 59 39 10 2 78 32 61 71 68 29 62 11 76 99 24 7 98 60 12 56 19 47 33 49 89 15 91 66 9 37 86 74 85 40 87 17 82 64 63 3 95 70 55 52 25 30 41 90 27 72 1 94 92 96 20 73 79 80 69 23 4 77 14 50 58
TEST 43 ARG:83 67 65 97 6 38 43 81 22 48 53 42 16 88 36 13 18 21 26 28 51 35 93 45 46 54 0 84 34 44 8 75 57 31 5 59 39 10 2 78 32 61 71 68 29 62 11 76 99 24 7 98 60 12 56 19 47 33 49 89 15 91 66 9 37 86 74 85 40 87 17 82 64 63 3 95 70 55 52 25 30 41 90 27 72 1 94 92 96 20 73 79 80 69 23 4 77 14 50 58
TEST 44 ARG:58 12 74 95 42 18 57 1 26 55 35 98 23 79 5 21 33 7 25 72 2 46 83 47 64 19 53 91 48 71 70 14 15 56 63 0 66 52 27 9 11 61 89 43 94 49 30 6 73 68 16 34 99 4 10 82 80 20 84 59 54 75 29 76 69 13 22 50 86 17 41 24 87 32 92 81 88 51 90 40 37 3 28 65 44 31 8 85 38 45 77 93 39 36 97 78 60 67 96 62
TEST 44 ARG:58 12 74 95 42 18 57 1 26 55 35 98 23 79 5 21 33 7 25 72 2 46 83 47 64 19 53 91 48 71 70 14 15 56 63 0 66 52 27 9 11 61 89 43 94 49 30 6 73 68 16 34 99 4 10 82 80 20 84 59 54 75 29 76 69 13 22 50 86 17 41 24 87 32 92 81 88 51 90 40 37 3 28 65 44 31 8 85 38 45 77 93 39 36 97 78 60 67 96 62
TEST 45 ARG:87 52 28 13 6 44 25 70 26 31 3 53 35 30 1 91 2 40 75 51 37 69 47 96 29 27 56 61 98 82 8 93 45 57 17 7 38 4 55 22 34 72 42 79 81 18 43 48 9 36 41 86 92 62 66 97 33 94 39 49 59 12 16 80 84 20 21 24 65 5 58 89 0 63 88 73 54 68 15 99 19 95 46 85 14 64 32 23 67 90 71 74 76 77 78 50 83 11 10 60
TEST 45 ARG:87 52 28 13 6 44 25 70 26 31 3 53 35 30 1 91 2 40 75 51 37 69 47 96 29 27 56 61 98 82 8 93 45 57 17 7 38 4 55 22 34 72 42 79 81 18 43 48 9 36 41 86 92 62 66 97 33 94 39 49 59 12 16 80 84 20 21 24 65 5 58 89 0 63 88 73 54 68 15 99 19 95 46 85 14 64 32 23 67 90 71 74 76 77 78 50 83 11 10 60
TEST 46 ARG:58 6 83 27 86 40 38 13 88 67 91 94 3 54 98 93 29 48 42 41 89 0 84 69 16 76 85 18 44 23 68 26 5 4 32 59 9 95 15 75 11 61 10 19 53 57 20 45 17 46 50 73 60 33 24 31 36 14 87 2 81 37 25 72 7 34 90 56 21 1 52 64 71 77 55 22 80 51 39 99 62 30 8 92 79 12 96 43 28 82 74 70 49 66 47 63 78 65 35 97
TEST 46 ARG:58 6 83 27 86 40 38 13 88 67 91 94 3 54 98 93 29 48 42 41 89 0 84 69 16 76 85 18 44 23 68 26 5 4 32 59 9 95 15 75 11 61 10 19 53 57 20 45 17 46 50 73 60 33 24 31 36 14 87 2 81 37 25 72 7 34 90 56 21 1 52 64 71 77 55 22 80 51 39 99 62 30 8 92 79 12 96 43 28 82 74 70 49 66 47 63 78 65 35 97
TEST 47 ARG:71 34 26 5 59 43 49 76 33 87 77 89 78 72 42 38 90 46 53 85 37 28 12 31 62 79 94 4 81 11 70 99 73 60 9 75 10 98 27 3 17 1 74 36 14 54 6 16 2 41 96 47 45 92 58 86 21 18 93 22 13 83 32 95 63 67 24 66 20 97 35 29 82 57 0 65 84 7 15 39 68 44 25 55 64 8 48 23 56 30 19 69 50 61 80 91 88 52 51 40
TEST 47 ARG:71 34 26 5 59 43 49 76 33 87 77 89 78 72 42 38 90 46 53 85 37 28 12 31 62 79 94 4 81 11 70 99 73 60 9 75 10 98 27 3 17 1 74 36 14 54 6 16 2 41 96 47 45 92 58 86 21 18 93 22 13 83 32 95 63 67 24 66 20 97 35 29 82 57 0 65 84 7 15 39 68 44 25 55 64 8 48 23 56 30 19 69 50 61 80 91 88 52 51 40
TEST 48 ARG:54 89 80 42 50 77 6 12 97 11 75 67 98 40 2 5 45 26 19 48 47 18 46 84 8 66 7 23 33 88 13 31 70 9 37 79 81 28 74 99 27 62 57 63 71 34 85 4 41 25 93 32 35 21 17 87 51 56 30 0 68 60 78 86 39 16 96 92 3 83 59 65 69 90 58 1 95 38 73 49 20 44 64 24 22 76 94 29 61 14 82 72 55 10 53 36 15 91 52 43
TEST 48 ARG:54 89 80 42 50 77 6 12 97 11 75 67 98 40 2 5 45 26 19 48 47 18 46 84 8 66 7 23 33 88 13 31 70 9 37 79 81 28 74 99 27 62 57 63 71 34 85 4 41 25 93 32 35 21 17 87 51 56 30 0 68 60 78 86 39 16 96 92 3 83 59 65 69 90 58 1 95 38 73 49 20 44 64 24 22 76 94 29 61 14 82 72 55 10 53 36 15 91 52 43
TEST 49 ARG:46 95 55 89 61 76 98 8 21 71 91 52 33 25 51 45 27 75 14 77 74 36 10 87 57 82 12 39 37 6 1 90 44 50 34 68 97 41 17 99 70 65 43 18 63 69 66 4 85 48 22 0 58 81 35 88 32 20 24 64 59 83 7 5 96 42 16 62 86 3 56 29 49 93 72 54 15 78 92 13 2 19 53 30 40 11 67 79 60 26 47 9 84 31 94 73 28 38 80 23
TEST 49 ARG:46 95 55 89 61 76 98 8 21 71 91 52 33 25 51 45 27 75 14 77 74 36 10 87 57 82 12 39 37 6 1 90 44 50 34 68 97 41 17 99 70 65 43 18 63 69 66 4 85 48 22 0 58 81 35 88 32 20 24 64 59 83 7 5 96 42 16 62 86 3 56 29 49 93 72 54 15 78 92 13 2 19 53 30 40 11 67 79 60 26 47 9 84 31 94 73 28 38 80 23
TEST 50 ARG:87 40 84 69 23 46 89 58 38 56 6 73 48 25 2 72 9 96 88 1 49 81 97 80 95 21 24 13 75 0 62 59 39 78 99 79 35 43 41 93 19 67 20 32 7 68 4 55 44 33 65 28 8 15 45 71 34 16 61 66 98 50 30 76 91 94 17 31 86 52 10 77 11 14 26 3 57 92 47 83 36 37 90 60 22 51 29 63 5 27 82 53 54 64 42 12 18 85 74 70
TEST 50 ARG:87 40 84 69 23 46 89 58 38 56 6 73 48 25 2 72 9 96 88 1 49 81 97 80 95 21 24 13 75 0 62 59 39 78 99 79 35 43 41 93 19 67 20 32 7 68 4 55 44 33 65 28 8 15 45 71 34 16 61 66 98 50 30 76 91 94 17 31 86 52 10 77 11 14 26 3 57 92 47 83 36 37 90 60 22 51 29 63 5 27 82 53 54 64 42 12 18 85 74 70
TEST 51 ARG:26 45 67 66 59 42 93 41 32 2 52 84 80 43 76 1 55 70 51 4 33 50 74 63 97 87 86 85 6 19 16 22 48 34 10 29 68 49 94 25 47 7 8 17 83 88 57 71 99 62 39 64 23 11 31 35 14 53 9 89 27 79 54 30 24 15 61 58 90 3 13 77 96 65 95 92 60 91 38 75 21 46 44 18 5 72 56 28 69 81 40 78 20 37 12 82 36 0 98 73
TEST 51 ARG:26 45 67 66 59 42 93 41 32 2 52 84 80 43 76 1 55 70 51 4 33 50 74 63 97 87 86 85 6 19 16 22 48 34 10 29 68 49 94 25 47 7 8 17 83 88 57 71 99 62 39 64 23 11 31 35 14 53 9 89 27 79 54 30 24 15 61 58 90 3 13 77 96 65 95 92 60 91 38 75 21 46 44 18 5 72 56 28 69 81 40 78 20 37 12 82 36 0 98 73
TEST 52 ARG:87 13 93 16 56 98 39 91 12 95 90 50 78 29 1 26 8 36 35 64 34 89 73 85 6 99 63 62 51 60 70 18 17 44 92 24 86 80 20 84 21 82 33 74 55 31 47 57 15 5 77 72 49 97 37 9 41 69 94 66 42 65 19 25 52 43 79 38 45 46 40 59 32 96 71 48 2 68 81 0 4 22 58 53 83 76 14 11 61 88 27 10 30 28 23 3 54 7 67 75
TEST 52 ARG:87 13 93 16 56 98 39 91 12 95 90 50 78 29 1 26 8 36 35 64 34 89 73 85 6 99 63 62 51 60 70 18 17 44 92 24 86 80 20 84 21 82 33 74 55 31 47 57 15 5 77 72 49 97 37 9 41 69 94 66 42 65 19 25 52 43 79 38 45 46 40 59 32 96 71 48 2 68 81 0 4 22 58 53 83 76 14 11 61 88 27 10 30 28 23 3 54 7 67 75
TEST 53 ARG:47 62 41 98 57 60 35 0 83 53 40 74 73 14 56 75 7 51 79 18 90 72 92 17 20 84 91 24 15 94 8 49 10 44 25 59 30 16 1 58 46 2 13 65 68 3 33 38 48 55 69 31 80 4 27 70 93 39 26 95 71 88 81 12 52 82 34 85 78 77 11 50 99 37 76 97 45 32 96 67 64 5 9 22 61 86 6 36 21 19 42 63 66 87 89 54 29 28 23 43
TEST 53 ARG:47 62 41 98 57 60 35 0 83 53 40 74 73 14 56 75 7 51 79 18 90 72 92 17 20 84 91 24 15 94 8 49 10 44 25 59 30 16 1 58 46 2 13 65 68 3 33 38 48 55 69 31 80 4 27 70 93 39 26 95 71 88 81 12 52 82 34 85 78 77 11 50 99 37 76 97 45 32 96 67 64 5 9 22 61 86 6 36 21 19 42 63 66 87 89 54 29 28 23 43
TEST 54 ARG:50 40 24 19 4 79 11 56 51 37 44 31 9 14 93 18 96 74 1 95 13 61 33 47 66 0 58 53 81 12 46 77 78 38 83 30 36 87 82 86 89 73 34 6 49 23 55 88 57 94 43 72 48 39 62 25 8 10 27 67 52 75 42 97 90 41 69 7 29 65 60 71 16 32 99 28 21 85 98 22 45 91 64 84 3 76 20 80 92 59 2 26 15 63 17 35 54 68 70 5
TEST 54 ARG:50 40 24 19 4 79 11 56 51 37 44 31 9 14 93 18 96 74 1 95 13 61 33 47 66 0 58 53 81 12 46 77 78 38 83 30 36 87 82 86 89 73 34 6 49 23 55 88 57 94 43 72 48 39 62 25 8 10 27 67 52 75 42 97 90 41 69 7 29 65 60 71 16 32 99 28 21 85 98 22 45 91 64 84 3 76 20 80 92 59 2 26 15 63 17 35 54 68 70 5
TEST 55 ARG:70 39 41 0 58 68 85 62 11 28 45 90 29 46 67 78 32 71 49 36 18 66 1 82 94 88 12 21 77 60 24 4 9 84 93 13 50 2 89 83 14 5 63 19 22 26 95 92 79 16 64 7 20 48 69 99 87 35 23 91 98 61 96 47 57 8 55 52 72 51 43 37 97 6 17 33 80 38 81 3 34 59 10 75 30 44 56 65 54 73 42 86 40 76 27 53 31 25 74 15
TEST 55 ARG:70 39 41 0 58 68 85 62 11 28 45 90 29 46 67 78 32 71 49 36 18 66 1 82 94 88 12 21 77 60 24 4 9 84 93 13 50 2 89 83 14 5 63 19 22 26 95 92 79 16 64 7 20 48 69 99 87 35 23 91 98 61 96 47 57 8 55 52 72 51 43 37 97 6 17 33 80 38 81 3 34 59 10 75 30 44 56 65 54 73 42 86 40 76 27 53 31 25 74 15
TEST 56 ARG:54 93 79 74 84 86 57 60 33 53 48 97 56 44 18 83 71 15 78 7 77 25 70 10 0 39 65 1 62 76 89 46 32 94 61 68 96 2 72 9 85 69 88 31 41 35 59 51 52 98 67 13 81 38 26 45 34 36 30 92 43 22 47 99 37 40 63 80 5 58 20 42 14 55 23 66 19 64 24 95 3 6 90 49 29 50 21 4 82 28 91 87 11 73 16 75 17 27 8 12
TEST 56 ARG:54 93 79 74 84 86 57 60 33 53 48 97 56 44 18 83 71 15 78 7 77 25 70 10 0 39 65 1 62 76 89 46 32 94 61 68 96 2 72 9 85 69 88 31 41 35 59 51 52 98 67 13 81 38 26 45 34 36 30 92 43 22 47 99 37 40 63 80 5 58 20 42 14 55 23 66 19 64 24 95 3 6 90 49 29 50 21 4 82 28 91 87 11 73 16 75 17 27 8 12
TEST 57 ARG:1 24 54 42 50 43 49 0 41 22 98 48 46 75 86 18 79 72 56 57 52 27 73 99 23 76 60 38 10 32 26 64 82 6 7 67 39 66 47 85 20 34 81 55 31 59 94 58 36 80 65 95 40 14 15 89 9 8 5 62 93 91 83 63 28 11 25 30 12 3 19 44 51 17 4 35 16 70 90 53 92 37 71 78 33 13 77 45 68 84 96 88 74 69 29 87 61 21 2 97
TEST 57 ARG:1 24 54 42 50 43 49 0 41 22 98 48 46 75 86 18 79 72 56 57 52 27 73 99 23 76 60 38 10 32 26 64 82 6 7 67 39 66 47 85 20 34 81 55 31 59 94 58 36 80 65 95 40 14 15 89 9 8 5 62 93 91 83 63 28 11 25 30 12 3 19 44 51 17 4 35 16 70 90 53 92 37 71 78 33 13 77 45 68 84 96 88 74 69 29 87 61 21 2 97
TEST 58 ARG:36 70 22 87 81 14 53 60 23 62 34 2 68 16 43 92 10 51 21 15 94 42 82 47 19 39 33 37 1 52 30 0 64 75 79 48 20 88 11 5 32 90 66 91 67 50 28 45 95 77 55 93 86 71 63 46 69 18 54 4 83 6 99 89 72 78 17 97 61 29 40 9 24 7 59 56 96 38 49 35 13 85 25 58 12 57 84 73 65 31 8 27 26 3 41 80 44 98 74 76
TEST 58 ARG:36 70 22 87 81 14 53 60 23 62 34 2 68 16 43 92 10 51 21 15 94 42 82 47 19 39 33 37 1 52 30 0 64 75 79 48 20 88 11 5 32 90 66 91 67 50 28 45 95 77 55 93 86 71 63 46 69 18 54 4 83 6 99 89 72 78 17 97 61 29 40 9 24 7 59 56 96 38 49 35 13 85 25 58 12 57 84 73 65 31 8 27 26 3 41 80 44 98 74 76
TEST 59 ARG:98 25 63 37 29 36 48 28 52 23 59 70 46 86 32 51 20 15 18 1 93 6 74 60 14 27 30 92 90 95 71 67 81 47 7 42 34 43 22 78 85 33 19 73 9 80 97 45 39 68 8 49 57 31 50 44 24 38 11 79 58 61 84 88 3 0 89 75 35 87 64 62 96 13 4 56 66 55 99 26 16 72 2 12 76 77 40 91 41 5 94 21 83 69 82 65 10 17 53 54
TEST 59 ARG:98 25 63 37 29 36 48 28 52 23 59 70 46 86 32 51 20 15 18 1 93 6 74 60 14 27 30 92 90 95 71 67 81 47 7 42 34 43 22 78 85 33 19 73 9 80 97 45 39 68 8 49 57 31 50 44 24 38 11 79 58 61 84 88 3 0 89 75 35 87 64 62 96 13 4 56 66 55 99 26 16 72 2 12 76 77 40 91 41 5 94 21 83 69 82 65 10 17 53 54
TEST 60 ARG:27 21 19 1 61 80 16 93 44 47 24 84 7 36 74 28 71 87 58 12 56 75 11 9 34 0 8 3 54 92 89 91 76 81 26 46 57 30 43 99 78 83 35 15 95 53 85 37 88 41 96 86 55 32 51 29 66 33 6 14 22 68 70 40 69 82 49 67 39 94 31 65 13 45 20 52 38 48 72 10 73 5 17 98 59 97 2 63 64 25 4 18 23 60 79 90 77 42 62 50
TEST 60 ARG:27 21 19 1 61 80 16 93 44 47 24 84 7 36 74 28 71 87 58 12 56 75 11 9 34 0 8 3 54 92 89 91 76 81 26 46 57 30 43 99 78 83 35 15 95 53 85 37 88 41 96 86 55 32 51 29 66 33 6 14 22 68 70 40 69 82 49 67 39 94 31 65 13 45 20 52 38 48 72 10 73 5 17 98 59 97 2 63 64 25 4 18 23 60 79 90 77 42 62 50
TEST 61 ARG:42 8 34 15 20 60 9 58 69 95 39 99 92 70 27 50 82 65 48 98 22 38 0 12 45 17 90 32 6 76 54 37 24 89 46 93 3 5 26 63 33 67 73 59 31 4 78 53 85 81 51 62 56 83 91 25 2 35 68 29 40 49 75 11 96 16 44 36 74 87 72 80 7 66 43 88 23 18 1 41 57 28 84 55 13 52 71 97 61 64 79 86 30 47 19 77 14 10 21 94
TEST 61 ARG:42 8 34 15 20 60 9 58 69 95 39 99 92 70 27 50 82 65 48 98 22 38 0 12 45 17 90 32 6 76 54 37 24 89 46 93 3 5 26 63 33 67 73 59 31 4 78 53 85 81 51 62 56 83 91 25 2 35 68 29 40 49 75 11 96 16 44 36 74 87 72 80 7 66 43 88 23 18 1 41 57 28 84 55 13 52 71 97 61 64 79 86 30 47 19 77 14 10 21 94
TEST 62 ARG:54 72 9 33 79 38 57 16 67 37 26 78 17 18 76 44 41 24 29 8 35 2 39 10 49 14 73 42 90 96 25 82 32 1 63 30 66 91 68 62 71 99 19 94 65 12 0 55 48 34 50 53 11 40 92 45 70 56 75 20 23 6 97 84 60 43 83 52 7 27 89 21 51 85 95 58 5 46 47 69 93 77 86 87 64 61 22 88 98 80 31 59 81 15 13 28 74 3 36 4
TEST 62 ARG:54 72 9 33 79 38 57 16 67 37 26 78 17 18 76 44 41 24 29 8 35 2 39 10 49 14 73 42 90 96 25 82 32 1 63 30 66 91 68 62 71 99 19 94 65 12 0 55 48 34 50 53 11 40 92 45 70 56 75 20 23 6 97 84 60 43 83 52 7 27 89 21 51 85 95 58 5 46 47 69 93 77 86 87 64 61 22 88 98 80 31 59 81 15 13 28 74 3 36 4
TEST 63 ARG:22 80 26 34 45 14 13 87 92 65 24 37 8 85 99 72 23 47 73 43 62 64 76 70 78 74 84 83 10 2 21 94 33 81 18 66 12 15 17 77 40 68 86 29 42 36 39 32 11 96 93 31 58 44 16 41 71 19 63 60 30 57 50 55 56 51 97 53 4 67 28 91 98 48 79 3 54 35 95 46 82 9 59 89 75 88 61 0 20 52 27 5 25 1 69 49 38 6 7 90
TEST 63 ARG:22 80 26 34 45 14 13 87 92 65 24 37 8 85 99 72 23 47 73 43 62 64 76 70 78 74 84 83 10 2 21 94 33 81 18 66 12 15 17 77 40 68 86 29 42 36 39 32 11 96 93 31 58 44 16 41 71 19 63 60 30 57 50 55 56 51 97 53 4 67 28 91 98 48 79 3 54 35 95 46 82 9 59 89 75 88 61 0 20 52 27 5 25 1 69 49 38 6 7 90
TEST 64 ARG:20 55 0 4 7 95 86 36 30 9 71 18 52 29 49 14 74 65 99 79 81 8 75 89 42 66 93 11 46 87 92 98 6 82 34 16 45 85 40 91 83 35 76 69 53 39 62 28 73 10 54 50 84 15 21 57 22 37 59 94 90 88 43 61 47 78 24 41 3 96 25 19 67 12 60 51 44 48 33 2 23 17 13 68 5 64 38 32 56 26 63 70 58 31 97 27 1 77 72 80
TEST 64 ARG:20 55 0 4 7 95 86 36 30 9 71 18 52 29 49 14 74 65 99 79 81 8 75 89 42 66 93 11 46 87 92 98 6 82 34 16 45 85 40 91 83 35 76 69 53 39 62 28 73 10 54 50 84 15 21 57 22 37 59 94 90 88 43 61 47 78 24 41 3 96 25 19 67 12 60 51 44 48 33 2 23 17 13 68 5 64 38 32 56 26 63 70 58 31 97 27 1 77 72 80
TEST 65 ARG:79 90 65 78 86 22 60 50 1 3 67 84 36 45 63 33 83 55 46 41 31 95 59 43 93 10 30 57 51 26 68 44 74 72 20 17 27 49 96 73 0 62 16 92 8 53 40 82 25 42 35 14 69 11 91 38 76 19 2 5 77 52 32 70 58 15 56 13 34 37 48 75 66 6 28 24 12 23 88 97 71 94 29 98 54 89 64 39 4 99 61 7 9 47 21 18 80 81 87 85
TEST 65 ARG:79 90 65 78 86 22 60 50 1 3 67 84 36 45 63 33 83 55 46 41 31 95 59 43 93 10 30 57 51 26 68 44 74 72 20 17 27 49 96 73 0 62 16 92 8 53 40 82 25 42 35 14 69 11 91 38 76 19 2 5 77 52 32 70 58 15 56 13 34 37 48 75 66 6 28 24 12 23 88 97 71 94 29 98 54 89 64 39 4 99 61 7 9 47 21 18 80 81 87 85
TEST 66 ARG:58 70 24 56 34 47 89 0 43 88 73 79 19 65 3 78 7 46 38 17 27 98 8 59 92 21 40 60 30 26 93 10 61 48 25 15 86 68 51 75 57 94 80 45 81 82 39 33 53 72 36 20 1 23 32 87 6 16 96 67 71 85 97 62 52 54 69 50 35 66 9 83 28 37 12 5 64 76 55 91 11 95 77 84 14 42 41 2 18 13 74 49 90 63 4 44 31 99 29 22
TEST 66 ARG:58 70 24 56 34 47 89 0 43 88 73 79 19 65 3 78 7 46 38 17 27 98 8 59 92 21 40 60 30 26 93 10 61 48 25 15 86 68 51 75 57 94 80 45 81 82 39 33 53 72 36 20 1 23 32 87 6 16 96 67 71 85 97 62 52 54 69 50 35 66 9 83 28 37 12 5 64 76 55 91 11 95 77 84 14 42 41 2 18 13 74 49 90 63 4 44 31 99 29 22
TEST 67 ARG:48 82 65 71 22 83 55 42 93 57 52 9 40 29 73 67 90 1 30 59 19 4 49 94 58 8 10 14 64 17 2 98 45 38 69 7 95 63 60 13 72 12 51 61 56 39 27 0 78 88 50 15 36 6 41 24 23 37 25 20 92 81 74 91 31 33 84 79 87 89 68 47 18 46 75 35 44 21 70 43 96 26 97 66 77 54 76 32 34 85 5 86 3 99 28 62 16 53 80 11
TEST 67 ARG:48 82 65 71 22 83 55 42 93 57 52 9 40 29 73 67 90 1 30 59 19 4 49 94 58 8 10 14 64 17 2 98 45 38 69 7 95 63 60 13 72 12 51 61 56 39 27 0 78 88 50 15 36 6 41 24 23 37 25 20 92 81 74 91 31 33 84 79 87 89 68 47 18 46 75 35 44 21 70 43 96 26 97 66 77 54 76 32 34 85 5 86 3 99 28 62 16 53 80 11
TEST 68 ARG:1 31 14 7 27 53 39 78 74 73 72 65 47 32 21 11 85 5 8 22 49 59 51 89 63 91 80 52 19 93 44 82 17 61 76 56 86 54 48 84 67 16 4 43 26 58 50 25 38 36 13 68 34 96 41 15 37 70 81 9 83 57 3 12 18 55 62 92 24 2 45 69 98 35 6 33 42 10 95 66 60 40 29 30 99 71 88 28 0 64 87 94 90 20 77 46 75 79 97 23
TEST 68 ARG:1 31 14 7 27 53 39 78 74 73 72 65 47 32 21 11 85 5 8 22 49 59 51 89 63 91 80 52 19 93 44 82 17 61 76 56 86 54 48 84 67 16 4 43 26 58 50 25 38 36 13 68 34 96 41 15 37 70 81 9 83 57 3 12 18 55 62 92 24 2 45 69 98 35 6 33 42 10 95 66 60 40 29 30 99 71 88 28 0 64 87 94 90 20 77 46 75 79 97 23
TEST 69 ARG:33 83 49 61 63 85 41 25 93 43 84 23 94 19 32 9 29 81 38 7 1 64 30 8 12 18 3 45 50 34 53 16 13 6 35 36 22 70 51 72 52 67 26 92 4 96 24 99 98 79 89 37 88 20 47 66 15 21 71 44 80 27 46 62 68 14 48 73 54 2 77 78 39 90 28 75 95 58 87 42 11 55 17 0 57 65 82 91 5 76 69 74 59 10 56 97 60 40 31 86
TEST 69 ARG:33 83 49 61 63 85 41 25 93 43 84 23 94 19 32 9 29 81 38 7 1 64 30 8 12 18 3 45 50 34 53 16 13 6 35 36 22 70 51 72 52 67 26 92 4 96 24 99 98 79 89 37 88 20 47 66 15 21 71 44 80 27 46 62 68 14 48 73 54 2 77 78 39 90 28 75 95 58 87 42 11 55 17 0 57 65 82 91 5 76 69 74 59 10 56 97 60 40 31 86
TEST 70 ARG:10 77 34 87 3 5 90 81 26 47 71 61 20 70 52 86 7 25 88 37 38 15 35 44 63 98 97 74 95 84 83 62 92 89 51 41 91 27 17 93 36 1 66 29 79 58 13 85 80 19 28 30 33 40 49 78 68 18 69 11 42 65 73 14 16 53 59 57 31 67 0 32 55 23 6 60 72 48 45 96 43 76 4 46 54 56 94 50 24 2 22 39 75 9 12 8 21 82 99 64
TEST 70 ARG:10 77 34 87 3 5 90 81 26 47 71 61 20 70 52 86 7 25 88 37 38 15 35 44 63 98 97 74 95 84 83 62 92 89 51 41 91 27 17 93 36 1 66 29 79 58 13 85 80 19 28 30 33 40 49 78 68 18 69 11 42 65 73 14 16 53 59 57 31 67 0 32 55 23 6 60 72 48 45 96 43 76 4 46 54 56 94 50 24 2 22 39 75 9 12 8 21 82 99 64
TEST 71 ARG:63 33 29 42 71 9 6 37 45 27 56 89 12 39 25 61 19 77 40 80 88 78 64 96 10 48 76 59 65 24 46 31 35 13 54 81 3 68 32 94 22 60 57 21 67 5 53 18 93 17 41 51 83 66 26 70 44 30 99 86 62 14 4 58 0 2 8 91 11 84 85 38 75 72 92 50 15 23 49 28 74 52 90 20 36 34 16 1 55 98 47 95 69 87 79 73 97 7 82 43
TEST 71 ARG:63 33 29 42 71 9 6 37 45 27 56 89 12 39 25 61 19 77 40 80 88 78 64 96 10 48 76 59 65 24 46 31 35 13 54 81 3 68 32 94 22 60 57 21 67 5 53 18 93 17 41 51 83 66 26 70 44 30 99 86 62 14 4 58 0 2 8 91 11 84 85 38 75 72 92 50 15 23 49 28 74 52 90 20 36 34 16 1 55 98 47 95 69 87 79 73 97 7 82 43
TEST 72 ARG:66 39 75 86 59 34 24 7 28 21 94 98 97 60 43 38 57 80 77 50 78 47 69 31 16 41 32 58 13 92 44 33 90 52 99 53 67 40 54 26 81 17 25 61 6 48 73 0 8 49 56 87 4 19 15 42 18 9 36 46 12 37 89 11 82 51 63 88 64 5 2 68 85 95 45 71 30 93 1 23 83 70 91 84 62 35 96 79 76 72 27 65 29 22 3 74 55 10 20 14
TEST 72 ARG:66 39 75 86 59 34 24 7 28 21 94 98 97 60 43 38 57 80 77 50 78 47 69 31 16 41 32 58 13 92 44 33 90 52 99 53 67 40 54 26 81 17 25 61 6 48 73 0 8 49 56 87 4 19 15 42 18 9 36 46 12 37 89 11 82 51 63 88 64 5 2 68 85 95 45 71 30 93 1 23 83 70 91 84 62 35 96 79 76 72 27 65 29 22 3 74 55 10 20 14
TEST 73 ARG:67 80 61 92 3 51 71 14 22 70 4 66 96 55 6 16 46 45 23 15 41 19 39 24 95 13 2 32 0 11 47 59 20 69 82 91 8 9 85 54 50 65 52 38 48 77 98 18 90 89 44 94 60 56 78 76 29 79 5 31 57 72 83 1 49 64 58 73 10 26 86 74 27 87 25 63 36 34 12 37 62 7 35 42 88 97 17 30 28 99 21 40 93 68 33 84 53 43 75 81
TEST 73 ARG:67 80 61 92 3 51 71 14 22 70 4 66 96 55 6 16 46 45 23 15 41 19 39 24 95 13 2 32 0 11 47 59 20 69 82 91 8 9 85 54 50 65 52 38 48 77 98 18 90 89 44 94 60 56 78 76 29 79 5 31 57 72 83 1 49 64 58 73 10 26 86 74 27 87 25 63 36 34 12 37 62 7 35 42 88 97 17 30 28 99 21 40 93 68 33 84 53 43 75 81
TEST 74 ARG:98 56 1 7 87 72 53 82 52 88 49 71 54 33 13 27 2 48 92 3 30 62 75 9 84 74 20 89 23 57 4 70 73 28 10 96 22 61 32 63 36 0 11 51 66 37 95 90 45 15 59 31 78 14 8 29 17 67 12 69 38 35 47 60 68 41 80 76 43 40 6 46 79 19 39 86 18 50 91 25 65 77 64 97 99 34 5 26 44 83 85 93 55 58 21 81 24 42 94 16
TEST 74 ARG:98 56 1 7 87 72 53 82 52 88 49 71 54 33 13 27 2 48 92 3 30 62 75 9 84 74 20 89 23 57 4 70 73 28 10 96 22 61 32 63 36 0 11 51 66 37 95 90 45 15 59 31 78 14 8 29 17 67 12 69 38 35 47 60 68 41 80 76 43 40 6 46 79 19 39 86 18 50 91 25 65 77 64 97 99 34 5 26 44 83 85 93 55 58 21 81 24 42 94 16
TEST 75 ARG:95 89 46 5 79 23 99 93 43 8 85 1 94 83 47 32 48 59 37 2 33 15 12 6 28 72 49 20 3 40 4 77 74 75 18 84 36 90 24 54 42 39 35 55 51 30 31 97 57 87 10 38 41 56 67 91 76 82 62 61 92 65 66 58 44 11 7 16 53 0 69 9 45 78 14 17 88 27 80 98 26 63 96 81 21 29 70 13 19 25 52 73 71 86 64 68 34 60 50 22
TEST 75 ARG:95 89 46 5 79 23 99 93 43 8 85 1 94 83 47 32 48 59 37 2 33 15 12 6 28 72 49 20 3 40 4 77 74 75 18 84 36 90 24 54 42 39 35 55 51 30 31 97 57 87 10 38 41 56 67 91 76 82 62 61 92 65 66 58 44 11 7 16 53 0 69 9 45 78 14 17 88 27 80 98 26 63 96 81 21 29 70 13 19 25 52 73 71 86 64 68 34 60 50 22
TEST 76 ARG:36 68 76 48 27 32 62 25 4 26 84 14 10 67 15 58 11 17 90 24 82 37 71 47 39 33 46 12 92 52 45 41 6 97 89 64 79 75 88 50 28 40 93 23 74 94 9 35 20 53 54 80 77 38 49 98 96 85 1 72 7 31 70 91 81 83 99 61 8 57 2 13 3 18 44 78 63 5 16 55 60 66 22 51 95 69 30 42 29 59 87 65 73 86 19 56 34 43 0 21
TEST 76 ARG:36 68 76 48 27 32 62 25 4 26 84 14 10 67 15 58 11 17 90 24 82 37 71 47 39 33 46 12 92 52 45 41 6 97 89 64 79 75 88 50 28 40 93 23 74 94 9 35 20 53 54 80 77 38 49 98 96 85 1 72 7 31 70 91 81 83 99 61 8 57 2 13 3 18 44 78 63 5 16 55 60 66 22 51 95 69 30 42 29 59 87 65 73 86 19 56 34 43 0 21
TEST 77 ARG:2 28 88 23 44 27 20 24 73 47 64 96 71 31 78 60 25 72 85 90 75 16 11 8 42 89 15 79 21 6 36 18 13 12 83 10 40 19 14 51 68 92 74 48 43 93 39 7 1 70 62 35 67 82 81 17 9 34 63 56 91 26 99 32 30 84 80 59 3 58 55 33 38 29 54 86 5 95 76 69 45 97 98 41 65 37 50 66 77 4 46 53 22 87 61 49 57 0 94 52
TEST 77 ARG:2 28 88 23 44 27 20 24 73 47 64 96 71 31 78 60 25 72 85 90 75 16 11 8 42 89 15 79 21 6 36 18 13 12 83 10 40 19 14 51 68 92 74 48 43 93 39 7 1 70 62 35 67 82 81 17 9 34 63 56 91 26 99 32 30 84 80 59 3 58 55 33 38 29 54 86 5 95 76 69 45 97 98 41 65 37 50 66 77 4 46 53 22 87 61 49 57 0 94 52
TEST 78 ARG:49 97 9 22 7 86 73 87 6 35 17 15 13 48 84 68 95 33 37 90 16 96 53 47 82 41 54 94 45 67 88 34 52 81 32 25 36 31 28 50 29 65 72 2 69 91 79 66 57 4 38 93 74 80 26 3 10 92 71 5 99 30 42 43 20 62 55 77 61 46 39 63 60 1 78 58 23 85 11 98 76 14 56 12 24 18 44 8 19 75 40 0 59 27 21 83 51 70 89 64
TEST 78 ARG:49 97 9 22 7 86 73 87 6 35 17 15 13 48 84 68 95 33 37 90 16 96 53 47 82 41 54 94 45 67 88 34 52 81 32 25 36 31 28 50 29 65 72 2 69 91 79 66 57 4 38 93 74 80 26 3 10 92 71 5 99 30 42 43 20 62 55 77 61 46 39 63 60 1 78 58 23 85 11 98 76 14 56 12 24 18 44 8 19 75 40 0 59 27 21 83 51 70 89 64
TEST 79 ARG:46 18 31 52 49 63 35 13 91 60 89 71 29 0 59 74 78 20 98 55 14 62 43 28 82 12 9 26 73 21 32 7 67 8 4 23 81 64 41 58 10 1 42 90 87 45 77 65 30 94 16 22 97 53 95 17 72 84 33 24 80 3 76 5 88 79 11 6 44 51 92 54 19 47 96 25 27 36 86 70 85 39 99 69 57 15 50 93 34 48 61 37 38 40 66 68 75 83 2 56
TEST 79 ARG:46 18 31 52 49 63 35 13 91 60 89 71 29 0 59 74 78 20 98 55 14 62 43 28 82 12 9 26 73 21 32 7 67 8 4 23 81 64 41 58 10 1 42 90 87 45 77 65 30 94 16 22 97 53 95 17 72 84 33 24 80 3 76 5 88 79 11 6 44 51 92 54 19 47 96 25 27 36 86 70 85 39 99 69 57 15 50 93 34 48 61 37 38 40 66 68 75 83 2 56
TEST 80 ARG:90 91 18 39 94 7 8 65 69 0 33 75 93 19 5 54 81 13 27 59 99 41 2 12 60 28 49 77 23 35 79 58 78 76 4 92 56 9 10 11 80 86 21 50 72 55 71 73 51 22 46 57 88 67 42 83 17 40 84 3 98 82 16 64 44 95 1 32 68 97 6 31 96 74 53 26 85 52 61 34 63 66 62 87 15 25 45 14 36 37 29 89 43 38 30 24 48 20 47 70
TEST 80 ARG:90 91 18 39 94 7 8 65 69 0 33 75 93 19 5 54 81 13 27 59 99 41 2 12 60 28 49 77 23 35 79 58 78 76 4 92 56 9 10 11 80 86 21 50 72 55 71 73 51 22 46 57 88 67 42 83 17 40 84 3 98 82 16 64 44 95 1 32 68 97 6 31 96 74 53 26 85 52 61 34 63 66 62 87 15 25 45 14 36 37 29 89 43 38 30 24 48 20 47 70
TEST 81 ARG:3 75 45 38 60 4 19 28 64 62 69 93 70 25 34 5 37 90 29 66 39 51 86 21 27 57 71 81 78 11 59 35 14 44 22 46 99 30 9 88 48 24 55 61 67 91 47 0 12 85 6 74 20 17 52 2 49 96 50 58 63 16 26 18 68 84 54 79 97 31 10 41 8 89 53 56 72 92 77 87 40 36 23 65 43 15 95 98 83 94 13 73 42 76 80 1 7 82 32 33
TEST 81 ARG:3 75 45 38 60 4 19 28 64 62 69 93 70 25 34 5 37 90 29 66 39 51 86 21 27 57 71 81 78 11 59 35 14 44 22 46 99 30 9 88 48 24 55 61 67 91 47 0 12 85 6 74 20 17 52 2 49 96 50 58 63 16 26 18 68 84 54 79 97 31 10 41 8 89 53 56 72 92 77 87 40 36 23 65 43 15 95 98 83 94 13 73 42 76 80 1 7 82 32 33
TEST 82 ARG:99 53 21 75 18 96 38 80 12 22 94 13 64 26 57 63 92 28 8 37 84 34 74 60 4 35 23 43 89 10 51 30 41 5 29 11 44 36 47 88 46 72 91 73 90 50 25 70 81 39 66 55 19 56 7 59 45 49 58 1 97 6 82 40 27 20 85 24 15 76 52 65 0 87 16 68 2 9 14 98 54 3 86 77 79 62 71 17 32 31 61 48 78 33 95 93 67 69 42 83
TEST 82 ARG:99 53 21 75 18 96 38 80 12 22 94 13 64 26 57 63 92 28 8 37 84 34 74 60 4 35 23 43 89 10 51 30 41 5 29 11 44 36 47 88 46 72 91 73 90 50 25 70 81 39 66 55 19 56 7 59 45 49 58 1 97 6 82 40 27 20 85 24 15 76 52 65 0 87 16 68 2 9 14 98 54 3 86 77 79 62 71 17 32 31 61 48 78 33 95 93 67 69 42 83
TEST 83 ARG:34 96 32 68 65 19 53 98 63 73 37 78 44 10 82 12 30 13 71 43 70 36 3 84 67 77 51 26 58 17 0 15 6 48 49 29 64 89 7 76 88 27 85 59 18 8 86 41 55 57 93 40 20 22 25 52 99 81 75 91 97 24 5 1 21 50 62 31 35 83 14 42 16 4 56 87 92 72 94 90 95 61 79 45 9 23 33 60 69 2 80 28 66 46 11 74 47 54 38 39
TEST 83 ARG:34 96 32 68 65 19 53 98 63 73 37 78 44 10 82 12 30 13 71 43 70 36 3 84 67 77 51 26 58 17 0 15 6 48 49 29 64 89 7 76 88 27 85 59 18 8 86 41 55 57 93 40 20 22 25 52 99 81 75 91 97 24 5 1 21 50 62 31 35 83 14 42 16 4 56 87 92 72 94 90 95 61 79 45 9 23 33 60 69 2 80 28 66 46 11 74 47 54 38 39
TEST 84 ARG:51 47 70 14 91 89 77 59 63 74 45 68 61 88 55 71 27 67 19 26 7 9 78 73 83 66 99 90 65 94 22 87 24 6 84 60 40 4 93 11 34 52 35 3 53 44 85 12 5 23 64 30 69 96 46 33 57 39 31 72 50 10 97 32 13 62 48 80 15 95 21 54 86 92 20 56 2 28 8 36 38 43 16 18 41 37 81 49 75 58 82 17 1 42 0 76 29 98 25 79
TEST 84 ARG:51 47 70 14 91 89 77 59 63 74 45 68 61 88 55 71 27 67 19 26 7 9 78 73 83 66 99 90 65 94 22 87 24 6 84 60 40 4 93 11 34 52 35 3 53 44 85 12 5 23 64 30 69 96 46 33 57 39 31 72 50 10 97 32 13 62 48 80 15 95 21 54 86 92 20 56 2 28 8 36 38 43 16 18 41 37 81 49 75 58 82 17 1 42 0 76 29 98 25 79
TEST 85 ARG:28 56 13 41 42 9 68 84 0 29 53 44 62 77 51 26 70 12 86 25 82 61 50 5 85 47 81 54 90 48 60 71 66 91 78 17 69 43 95 37 67 36 65 57 10 18 33 59 24 93 31 63 23 19 52 49 96 89 20 15 39 76 88 55 7 6 2 22 99 92 1 46 35 34 27 73 75 3 64 4 38 87 8 45 11 97 74 14 79 98 32 30 21 16 40 94 58 83 80 72
TEST 85 ARG:28 56 13 41 42 9 68 84 0 29 53 44 62 77 51 26 70 12 86 25 82 61 50 5 85 47 81 54 90 48 60 71 66 91 78 17 69 43 95 37 67 36 65 57 10 18 33 59 24 93 31 63 23 19 52 49 96 89 20 15 39 76 88 55 7 6 2 22 99 92 1 46 35 34 27 73 75 3 64 4 38 87 8 45 11 97 74 14 79 98 32 30 21 16 40 94 58 83 80 72
TEST 86 ARG:35 6 39 14 13 73 5 95 72 69 68 36 18 96 53 77 58 11 38 46 19 21 55 85 74 22 60 48 23 97 88 51 62 31 32 34 67 65 44 1 16 43 10 26 59 66 57 42 70 54 75 49 20 87 28 41 71 86 91 9 84 56 81 92 50 78 17 94 12 24 47 8 76 99 29 15 3 37 27 93 89 4 63 61 90 30 33 82 83 0 64 25 52 80 7 98 79 40 2 45
TEST 86 ARG:35 6 39 14 13 73 5 95 72 69 68 36 18 96 53 77 58 11 38 46 19 21 55 85 74 22 60 48 23 97 88 51 62 31 32 34 67 65 44 1 16 43 10 26 59 66 57 42 70 54 75 49 20 87 28 41 71 86 91 9 84 56 81 92 50 78 17 94 12 24 47 8 76 99 29 15 3 37 27 93 89 4 63 61 90 30 33 82 83 0 64 25 52 80 7 98 79 40 2 45
TEST 87 ARG:42 96 82 49 74 69 65 21 35 76 20 36 18 47 25 11 62 12 10 50 4 64 19 17 88 22 67 53 78 40 54 70 90 27 81 77 34 45 75 61 99 46 1 63 29 3 7 16 2 51 44 95 32 48 13 79 26 8 55 24 98 9 6 66 56 60 72 38 39 41 23 84 33 83 91 68 57 37 86 59 92 71 52 28 5 80 93 0 89 31 15 87 85 58 14 94 43 73 97 30
TEST 87 ARG:42 96 82 49 74 69 65 21 35 76 20 36 18 47 25 11 62 12 10 50 4 64 19 17 88 22 67 53 78 40 54 70 90 27 81 77 34 45 75 61 99 46 1 63 29 3 7 16 2 51 44 95 32 48 13 79 26 8 55 24 98 9 6 66 56 60 72 38 39 41 23 84 33 83 91 68 57 37 86 59 92 71 52 28 5 80 93 0 89 31 15 87 85 58 14 94 43 73 97 30
TEST 88 ARG:81 82 69 19 53 83 85 74 65 48 47 33 42 79 15 43 44 86 54 98 60 27 71 73 41 77 7 67 55 8 52 51 31 70 75 95 10 63 46 40 22 37 17 90 91 2 92 11 39 64 97 56 26 5 72 59 9 80 12 58 13 36 24 16 76 45 29 61 87 93 88 68 32 28 50 14 34 66 18 35 0 3 20 78 23 25 1 84 49 30 89 94 62 21 99 38 4 57 96 6
TEST 88 ARG:81 82 69 19 53 83 85 74 65 48 47 33 42 79 15 43 44 86 54 98 60 27 71 73 41 77 7 67 55 8 52 51 31 70 75 95 10 63 46 40 22 37 17 90 91 2 92 11 39 64 97 56 26 5 72 59 9 80 12 58 13 36 24 16 76 45 29 61 87 93 88 68 32 28 50 14 34 66 18 35 0 3 20 78 23 25 1 84 49 30 89 94 62 21 99 38 4 57 96 6
TEST 89 ARG:54 62 5 2 7 41 34 6 15 84 67 96 27 16 39 24 94 40 31 49 4 12 10 19 25 73 95 86 75 78 37 29 28 33 59 90 30 72 91 42 70 18 14 13 45 11 35 21 87 3 88 32 89 71 98 82 79 52 60 97 81 68 0 1 74 8 65 53 83 92 17 36 47 80 66 58 22 51 76 99 23 26 64 43 56 50 9 61 44 48 69 85 55 93 77 57 20 63 46 38
TEST 89 ARG:54 62 5 2 7 41 34 6 15 84 67 96 27 16 39 24 94 40 31 49 4 12 10 19 25 73 95 86 75 78 37 29 28 33 59 90 30 72 91 42 70 18 14 13 45 11 35 21 87 3 88 32 89 71 98 82 79 52 60 97 81 68 0 1 74 8 65 53 83 92 17 36 47 80 66 58 22 51 76 99 23 26 64 43 56 50 9 61 44 48 69 85 55 93 77 57 20 63 46 38
TEST 90 ARG:68 48 39 5 77 66 35 22 92 25 13 40 98 36 27 16 15 32 26 42 20 17 88 19 67 37 21 94 59 61 2 87 0 57 75 76 71 74 85 10 93 95 11 4 50 6 8 79 53 14 3 83 49 23 31 84 99 29 63 51 90 97 7 69 64 47 89 60 18 30 81 9 78 43 55 45 52 38 44 46 12 80 24 28 54 73 56 96 62 34 58 70 86 41 1 72 33 82 65 91
TEST 90 ARG:68 48 39 5 77 66 35 22 92 25 13 40 98 36 27 16 15 32 26 42 20 17 88 19 67 37 21 94 59 61 2 87 0 57 75 76 71 74 85 10 93 95 11 4 50 6 8 79 53 14 3 83 49 23 31 84 99 29 63 51 90 97 7 69 64 47 89 60 18 30 81 9 78 43 55 45 52 38 44 46 12 80 24 28 54 73 56 96 62 34 58 70 86 41 1 72 33 82 65 91
TEST 91 ARG:29 35 99 41 40 47 92 48 31 60 21 46 89 6 80 34 79 4 76 59 53 54 15 62 81 33 52 24 27 95 13 63 75 43 90 22 1 36 71 68 19 49 93 77 18 32 30 39 7 72 57 61 85 17 9 11 10 42 73 26 56 86 96 70 20 45 97 87 83 55 2 8 66 50 25 64 12 67 5 3 91 82 74 88 23 44 14 78 51 28 0 69 16 65 38 94 84 37 58 98
TEST 91 ARG:29 35 99 41 40 47 92 48 31 60 21 46 89 6 80 34 79 4 76 59 53 54 15 62 81 33 52 24 27 95 13 63 75 43 90 22 1 36 71 68 19 49 93 77 18 32 30 39 7 72 57 61 85 17 9 11 10 42 73 26 56 86 96 70 20 45 97 87 83 55 2 8 66 50 25 64 12 67 5 3 91 82 74 88 23 44 14 78 51 28 0 69 16 65 38 94 84 37 58 98
TEST 92 ARG:88 1 60 20 27 39 70 34 97 21 45 58 87 10 91 49 79 40 81 32 76 26 25 73 72 67 95 17 7 35 92 28 11 61 64 2 85 30 65 54 78 56 33 13 53 42 9 93 68 80 84 0 37 18 47 16 3 29 52 48 24 4 41 89 46 66 63 55 75 99 83 14 8 57 74 44 98 5 86 15 90 19 43 36 50 71 96 51 77 6 94 62 12 59 22 23 69 38 31 82
TEST 92 ARG:88 1 60 20 27 39 70 34 97 21 45 58 87 10 91 49 79 40 81 32 76 26 25 73 72 67 95 17 7 35 92 28 11 61 64 2 85 30 65 54 78 56 33 13 53 42 9 93 68 80 84 0 37 18 47 16 3 29 52 48 24 4 41 89 46 66 63 55 75 99 83 14 8 57 74 44 98 5 86 15 90 19 43 36 50 71 96 51 77 6 94 62 12 59 22 23 69 38 31 82
TEST 93 ARG:62 13 6 51 18 45 42 46 97 84 99 11 48 23 93 67 88 86 65 25 66 14 35 71 47 75 2 80 34 68 61 85 73 96 64 26 33 5 10 22 24 77 32 29 0 12 28 27 53 1 81 79 83 44 16 70 95 50 15 59 89 90 55 9 54 37 60 3 41 7 78 30 94 17 38 63 52 36 20 39 21 92 56 72 58 49 57 43 40 19 8 98 91 82 4 87 69 31 74 76
TEST 93 ARG:62 13 6 51 18 45 42 46 97 84 99 11 48 23 93 67 88 86 65 25 66 14 35 71 47 75 2 80 34 68 61 85 73 96 64 26 33 5 10 22 24 77 32 29 0 12 28 27 53 1 81 79 83 44 16 70 95 50 15 59 89 90 55 9 54 37 60 3 41 7 78 30 94 17 38 63 52 36 20 39 21 92 56 72 58 49 57 43 40 19 8 98 91 82 4 87 69 31 74 76
TEST 94 ARG:26 14 47 46 86 1 88 12 96 38 91 80 35 33 39 8 62 3 55 32 78 68 28 11 21 93 52 70 0 94 66 90 17 16 49 95 50 72 97 69 84 4 61 41 19 75 48 76 56 58 44 92 57 51 87 27 60 20 2 99 37 45 36 25 40 31 81 34 23 24 7 63 85 18 64 67 89 71 59 53 5 79 9 77 43 98 65 54 73 74 82 83 42 13 6 22 15 30 10 29
TEST 94 ARG:26 14 47 46 86 1 88 12 96 38 91 80 35 33 39 8 62 3 55 32 78 68 28 11 21 93 52 70 0 94 66 90 17 16 49 95 50 72 97 69 84 4 61 41 19 75 48 76 56 58 44 92 57 51 87 27 60 20 2 99 37 45 36 25 40 31 81 34 23 24 7 63 85 18 64 67 89 71 59 53 5 79 9 77 43 98 65 54 73 74 82 83 42 13 6 22 15 30 10 29
TEST 95 ARG:95 37 52 70 50 51 36 83 56 32 71 91 0 93 85 68 82 3 86 33 74 98 47 8 31 28 13 40 92 39 29 53 20 46 57 18 10 21 63 1 2 66 7 38 6 54 15 49 87 97 19 73 58 76 43 67 30 34 35 42 12 17 24 94 4 69 72 27 81 59 78 88 55 64 48 84 80 45 61 79 77 5 44 11 41 90 62 26 23 75 22 25 14 9 65 96 89 16 99 60
TEST 95 ARG:95 37 52 70 50 51 36 83 56 32 71 91 0 93 85 68 82 3 86 33 74 98 47 8 31 28 13 40 92 39 29 53 20 46 57 18 10 21 63 1 2 66 7 38 6 54 15 49 87 97 19 73 58 76 43 67 30 34 35 42 12 17 24 94 4 69 72 27 81 59 78 88 55 64 48 84 80 45 61 79 77 5 44 11 41 90 62 26 23 75 22 25 14 9 65 96 89 16 99 60
TEST 96 ARG:98 93 14 0 94 29 6 4 37 39 22 8 24 73 58 42 69 61 31 66 75 82 11 9 55 12 28 70 41 60 53 48 72 33 84 5 97 99 92 1 52 7 34 35 56 16 91 26 59 85 90 89 54 79 81 44 78 67 76 96 51 30 68 27 83 63 74 19 18 23 77 49 86 25 32 20 17 87 46 57 50 45 64 21 40 2 3 10 36 95 71 13 15 62 38 80 65 47 43 88
TEST 96 ARG:98 93 14 0 94 29 6 4 37 39 22 8 24 73 58 42 69 61 31 66 75 82 11 9 55 12 28 70 41 60 53 48 72 33 84 5 97 99 92 1 52 7 34 35 56 16 91 26 59 85 90 89 54 79 81 44 78 67 76 96 51 30 68 27 83 63 74 19 18 23 77 49 86 25 32 20 17 87 46 57 50 45 64 21 40 2 3 10 36 95 71 13 15 62 38 80 65 47 43 88
TEST 97 ARG:96 92 27 19 75 77 82 81 8 26 76 12 6 22 62 90 7 47 98 32 73 34 36 89 64 97 74 2 86 55 11 87 33 5 39 67 65 52 46 48 63 21 72 49 42 83 53 59 0 61 91 20 88 69 50 28 38 29 56 70 78 58 13 95 24 43 45 66 35 30 40 85 44 3 54 37 99 51 15 17 79 14 71 9 16 31 1 94 18 84 68 57 25 80 4 41 23 10 93 60
TEST 97 ARG:96 92 27 19 75 77 82 81 8 26 76 12 6 22 62 90 7 47 98 32 73 34 36 89 64 97 74 2 86 55 11 87 33 5 39 67 65 52 46 48 63 21 72 49 42 83 53 59 0 61 91 20 88 69 50 28 38 29 56 70 78 58 13 95 24 43 45 66 35 30 40 85 44 3 54 37 99 51 15 17 79 14 71 9 16 31 1 94 18 84 68 57 25 80 4 41 23 10 93 60
TEST 98 ARG:23 75 37 83 31 79 54 97 80 77 99 10 57 84 98 73 28 47 34 45 71 96 49 44 52 8 39 94 11 18 86 26 89 74 92 16 69 13 95 29 30 63 14 5 53 48 1 72 33 61 60 78 2 70 82 65 22 58 81 36 27 19 85 43 41 3 4 62 32 76 6 17 56 25 9 93 40 55 87 67 88 15 90 20 12 64 42 51 7 0 59 91 68 46 21 24 50 35 38 66
TEST 98 ARG:23 75 37 83 31 79 54 97 80 77 99 10 57 84 98 73 28 47 34 45 71 96 49 44 52 8 39 94 11 18 86 26 89 74 92 16 69 13 95 29 30 63 14 5 53 48 1 72 33 61 60 78 2 70 82 65 22 58 81 36 27 19 85 43 41 3 4 62 32 76 6 17 56 25 9 93 40 55 87 67 88 15 90 20 12 64 42 51 7 0 59 91 68 46 21 24 50 35 38 66
TEST 99 ARG:57 98 35 20 40 49 77 27 74 7 3 63 13 93 1 19 91 48 21 18 53 72 29 68 37 50 46 2 62 6 79 55 25 85 67 23 33 58 16 44 83 81 66 76 24 14 87 80 32 8 52 10 92 0 82 60 90 84 17 88 43 26 56 38 31 94 51 30 89 28 95 9 54 71 97 96 99 39 45 34 73 59 22 41 75 36 42 12 61 78 69 4 86 11 64 65 15 70 5 47
TEST 99 ARG:57 98 35 20 40 49 77 27 74 7 3 63 13 93 1 19 91 48 21 18 53 72 29 68 37 50 46 2 62 6 79 55 25 85 67 23 33 58 16 44 83 81 66 76 24 14 87 80 32 8 52 10 92 0 82 60 90 84 17 88 43 26 56 38 31 94 51 30 89 28 95 9 54 71 97 96 99 39 45 34 73 59 22 41 75 36 42 12 61 78 69 4 86 11 64 65 15 70 5 47
TEST 100 ARG:88 70 77 17 60 47 84 32 64 62 15 65 0 49 54 33 82 30 27 24 85 63 92 36 39 14 80 56 45 8 31 59 90 69 95 91 50 7 75 86 87 73 18 76 99 97 22 2 52 43 53 10 66 1 42 6 21 83 29 26 71 41 89 94 79 68 25 74 44 93 48 16 58 98 28 20 55 72 81 4 9 35 61 67 46 78 40 3 23 51 13 11 57 38 12 96 37 5 34 19
TEST 100 ARG:88 70 77 17 60 47 84 32 64 62 15 65 0 49 54 33 82 30 27 24 85 63 92 36 39 14 80 56 45 8 31 59 90 69 95 91 50 7 75 86 87 73 18 76 99 97 22 2 52 43 53 10 66 1 42 6 21 83 29 26 71 41 89 94 79 68 25 74 44 93 48 16 58 98 28 20 55 72 81 4 9 35 61 67 46 78 40 3 23 51 13 11 57 38 12 96 37 5 34 19
TEST 101 ARG:54 17 8 9 42 24 99 1 69 97 40 94 25 26 72 63 60 65 59 37 61 90 15 88 75 95 38 39 91 45 36 21 29 49 48 83 73 86 52 89 98 62 70 46 5 19 77 66 16 71 11 12 20 81 23 82 50 96 10 34 43 3 2 31 27 18 35 80 85 56 68 79 41 6 0 33 78 44 14 67 7 92 28 30 4 13 55 53 87 74 47 64 84 76 58 32 22 51 57 93
TEST 101 ARG:54 17 8 9 42 24 99 1 69 97 40 94 25 26 72 63 60 65 59 37 61 90 15 88 75 95 38 39 91 45 36 21 29 49 48 83 73 86 52 89 98 62 70 46 5 19 77 66 16 71 11 12 20 81 23 82 50 96 10 34 43 3 2 31 27 18 35 80 85 56 68 79 41 6 0 33 78 44 14 67 7 92 28 30 4 13 55 53 87 74 47 64 84 76 58 32 22 51 57 93
TEST 102 ARG:25 93 78 83 28 92 5 61 23 44 30 0 64 84 12 29 37 72 55 11 97 86 95 52 32 14 1 4 94 47 7 91 18 9 74 82 85 26 70 35 43 16 34 66 24 10 3 63 38 73 76 71 68 27 89 21 75 58 41 59 15 90 20 45 87 77 54 46 48 49 22 42 56 62 13 65 50 6 96 60 8 17 51 69 36 2 19 40 80 81 33 67 31 53 39 57 99 88 79 98
TEST 102 ARG:25 93 78 83 28 92 5 61 23 44 30 0 64 84 12 29 37 72 55 11 97 86 95 52 32 14 1 4 94 47 7 91 18 9 74 82 85 26 70 35 43 16 34 66 24 10 3 63 38 73 76 71 68 27 89 21 75 58 41 59 15 90 20 45 87 77 54 46 48 49 22 42 56 62 13 65 50 6 96 60 8 17 51 69 36 2 19 40 80 81 33 67 31 53 39 57 99 88 79 98
TEST 103 ARG:66 23 34 75 21 1 39 27 49 89 73 25 78 92 33 6 95 51 53 57 62 30 82 31 28 77 38 58 42 37 96 32 74 11 64 88 15 35 0 36 17 87 20 86 72 67 80 3 46 13 71 14 44 83 2 61 43 52 19 97 63 60 9 94 40 98 41 90 50 70 68 16 26 93 54 5 18 12 29 79 85 99 24 45 55 48 65 91 22 4 47 10 8 59 7 76 84 56 69 81
TEST 103 ARG:66 23 34 75 21 1 39 27 49 89 73 25 78 92 33 6 95 51 53 57 62 30 82 31 28 77 38 58 42 37 96 32 74 11 64 88 15 35 0 36 17 87 20 86 72 67 80 3 46 13 71 14 44 83 2 61 43 52 19 97 63 60 9 94 40 98 41 90 50 70 68 16 26 93 54 5 18 12 29 79 85 99 24 45 55 48 65 91 22 4 47 10 8 59 7 76 84 56 69 81
TEST 104 ARG:14 85 96 6 86 16 2 34 68 42 36 1 17 65 13 26 46 79 95 37 62 90 7 15 66 55 64 94 49 77 9 87 47 25 83 59 57 97 4 23 72 39 44 3 19 33 32 31 53 38 81 71 98 22 80 91 75 67 45 61 8 10 54 84 99 28 51 21 93 73 30 74 56 58 20 41 52 60 29 43 27 63 18 0 70 82 50 76 69 5 89 88 11 48 78 92 12 40 35 24
TEST 104 ARG:14 85 96 6 86 16 2 34 68 42 36 1 17 65 13 26 46 79 95 37 62 90 7 15 66 55 64 94 49 77 9 87 47 25 83 59 57 97 4 23 72 39 44 3 19 33 32 31 53 38 81 71 98 22 80 91 75 67 45 61 8 10 54 84 99 28 51 21 93 73 30 74 56 58 20 41 52 60 29 43 27 63 18 0 70 82 50 76 69 5 89 88 11 48 78 92 12 40 35 24
TEST 105 ARG:2 75 65 63 38 33 32 89 60 64 5 3 17 53 55 42 90 88 41 58 9 84 23 12 19 95 34 22 66 57 29 49 54 93 48 91 78 79 36 71 97 30 69 46 20 18 31 7 16 51 44 0 14 52 15 56 94 81 86 4 83 82 80 92 47 99 68 35 62 98 50 70 21 24 37 28 73 74 25 1 76 13 67 59 45 40 85 10 96 61 39 43 6 87 27 11 26 77 72 8
TEST 105 ARG:2 75 65 63 38 33 32 89 60 64 5 3 17 53 55 42 90 88 41 58 9 84 23 12 19 95 34 22 66 57 29 49 54 93 48 91 78 79 36 71 97 30 69 46 20 18 31 7 16 51 44 0 14 52 15 56 94 81 86 4 83 82 80 92 47 99 68 35 62 98 50 70 21 24 37 28 73 74 25 1 76 13 67 59 45 40 85 10 96 61 39 43 6 87 27 11 26 77 72 8
TEST 106 ARG:90 12 24 91 97 27 50 20 17 22 57 73 38 96 48 59 70 87 28 1 33 41 85 51 89 35 79 21 43 8 75 39 60 49 62 56 53 86 66 46 25 11 61 58 15 9 52 42 84 82 44 80 95 68 76 67 94 32 98 63 45 37 31 74 69 16 93 18 23 54 29 64 88 10 47 92 78 13 7 26 3 40 14 19 2 0 71 4 81 36 83 30 72 34 77 5 6 65 55 99
TEST 106 ARG:90 12 24 91 97 27 50 20 17 22 57 73 38 96 48 59 70 87 28 1 33 41 85 51 89 35 79 21 43 8 75 39 60 49 62 56 53 86 66 46 25 11 61 58 15 9 52 42 84 82 44 80 95 68 76 67 94 32 98 63 45 37 31 74 69 16 93 18 23 54 29 64 88 10 47 92 78 13 7 26 3 40 14 19 2 0 71 4 81 36 83 30 72 34 77 5 6 65 55 99
TEST 107 ARG:73 30 3 2 51 87 28 27 22 93 60 88 56 21 82 71 38 92 46 20 14 23 42 8 98 15 47 29 31 39 43 41 99 34 9 63 54 66 6 75 33 72 18 84 57 61 78 24 49 4 13 65 74 67 7 80 77 25 50 45 37 48 16 91 69 59 0 5 52 81 26 86 10 40 83 58 76 90 95 94 68 55 79 35 12 19 32 44 36 96 89 11 85 97 1 70 64 62 17 53
TEST 107 ARG:73 30 3 2 51 87 28 27 22 93 60 88 56 21 82 71 38 92 46 20 14 23 42 8 98 15 47 29 31 39 43 41 99 34 9 63 54 66 6 75 33 72 18 84 57 61 78 24 49 4 13 65 74 67 7 80 77 25 50 45 37 48 16 91 69 59 0 5 52 81 26 86 10 40 83 58 76 90 95 94 68 55 79 35 12 19 32 44 36 96 89 11 85 97 1 70 64 62 17 53
TEST 108 ARG:23 42 60 99 40 33 51 90 28 85 69 73 30 97 88 83 67 94 46 4 24 15 53 61 81 93 43 91 1 68 34 74 8 50 59 19 11 70 89 77 45 3 57 7 71 44 18 36 2 95 65 22 56 76 52 58 14 55 13 17 25 10 16 6 5 41 49 48 27 37 92 31 78 26 98 9 39 32 96 63 20 35 64 82 0 79 75 62 86 66 21 54 29 12 72 84 87 38 47 80
TEST 108 ARG:23 42 60 99 40 33 51 90 28 85 69 73 30 97 88 83 67 94 46 4 24 15 53 61 81 93 43 91 1 68 34 74 8 50 59 19 11 70 89 77 45 3 57 7 71 44 18 36 2 95 65 22 56 76 52 58 14 55 13 17 25 10 16 6 5 41 49 48 27 37 92 31 78 26 98 9 39 32 96 63 20 35 64 82 0 79 75 62 86 66 21 54 29 12 72 84 87 38 47 80
TEST 109 ARG:8 0 3 48 9 99 65 36 7 28 70 32 10 47 31 84 72 21 14 2 82 22 16 97 35 68 44 78 46 18 60 5 73 86 92 24 69 71 55 94 27 1 34 80 79 15 13 19 38 26 59 30 39 75 66 88 33 37 63 61 29 67 57 51 98 43 6 17 90 56 20 49 45 64 25 87 54 11 83 96 93 23 50 58 89 95 62 42 74 77 12 40 52 53 91 85 4 76 81 41
TEST 109 ARG:8 0 3 48 9 99 65 36 7 28 70 32 10 47 31 84 72 21 14 2 82 22 16 97 35 68 44 78 46 18 60 5 73 86 92 24 69 71 55 94 27 1 34 80 79 15 13 19 38 26 59 30 39 75 66 88 33 37 63 61 29 67 57 51 98 43 6 17 90 56 20 49 45 64 25 87 54 11 83 96 93 23 50 58 89 95 62 42 74 77 12 40 52 53 91 85 4 76 81 41
TEST 110 ARG:72 60 80 90 66 51 83 86 28 22 0 32 76 52 88 95 3 65 41 59 33 73 58 14 31 71 7 96 37 85 69 68 24 38 29 97 99 39 25 78 91 67 81 87 17 98 36 16 64 94 18 53 35 30 40 74 75 63 23 70 77 27 26 10 84 2 11 56 44 46 89 42 62 57 92 20 82 43 19 5 45 9 15 6 21 61 55 1 8 48 34 47 79 54 4 13 50 49 12 93
TEST 110 ARG:72 60 80 90 66 51 83 86 28 22 0 32 76 52 88 95 3 65 41 59 33 73 58 14 31 71 7 96 37 85 69 68 24 38 29 97 99 39 25 78 91 67 81 87 17 98 36 16 64 94 18 53 35 30 40 74 75 63 23 70 77 27 26 10 84 2 11 56 44 46 89 42 62 57 92 20 82 43 19 5 45 9 15 6 21 61 55 1 8 48 34 47 79 54 4 13 50 49 12 93
TEST 111 ARG:53 95 37 42 34 6 56 49 47 35 97 4 13 18 66 88 51 21 28 69 5 9 1 57 0 7 44 50 63 25 64 94 68 96 3 55 99 67 29 40 85 39 92 79 71 27 59 54 61 83 82 14 90 93 43 23 15 62 98 30 38 24 74 86 48 8 12 45 2 80 33 36 87 72 41 19 65 60 20 78 76 10 58 11 22 46 91 31 26 17 52 89 73 77 16 84 75 70 81 32
TEST 111 ARG:53 95 37 42 34 6 56 49 47 35 97 4 13 18 66 88 51 21 28 69 5 9 1 57 0 7 44 50 63 25 64 94 68 96 3 55 99 67 29 40 85 39 92 79 71 27 59 54 61 83 82 14 90 93 43 23 15 62 98 30 38 24 74 86 48 8 12 45 2 80 33 36 87 72 41 19 65 60 20 78 76 10 58 11 22 46 91 31 26 17 52 89 73 77 16 84 75 70 81 32
TEST 112 ARG:75 64 82 20 21 8 56 47 92 93 1 11 32 99 36 0 5 60 3 97 90 63 73 80 25 51 59 16 15 38 95 37 45 4 46 33 57 30 54 40 18 53 24 41 17 19 22 79 43 81 48 62 6 14 58 7 69 96 87 13 44 29 89 12 94 76 68 2 28 39 55 71 50 78 86 65 61 26 88 70 83 84 10 91 31 9 66 98 74 35 52 72 77 27 49 67 23 34 85 42
TEST 112 ARG:75 64 82 20 21 8 56 47 92 93 1 11 32 99 36 0 5 60 3 97 90 63 73 80 25 51 59 16 15 38 95 37 45 4 46 33 57 30 54 40 18 53 24 41 17 19 22 79 43 81 48 62 6 14 58 7 69 96 87 13 44 29 89 12 94 76 68 2 28 39 55 71 50 78 86 65 61 26 88 70 83 84 10 91 31 9 66 98 74 35 52 72 77 27 49 67 23 34 85 42
TEST 113 ARG:21 66 78 99 65 92 2 39 93 43 81 69 70 18 27 7 79 44 3 51 83 73 76 49 82 60 55 31 22 53 6 32 95 13 28 24 97 19 38 1 57 64 14 59 88 12 45 96 47 36 85 35 67 16 50 63 52 48 46 80 86 11 56 75 34 20 26 87 33 62 89 54 91 68 23 25 98 94 9 72 15 41 17 30 42 74 4 37 5 0 58 29 61 90 84 40 8 10 71 77
TEST 113 ARG:21 66 78 99 65 92 2 39 93 43 81 69 70 18 27 7 79 44 3 51 83 73 76 49 82 60 55 31 22 53 6 32 95 13 28 24 97 19 38 1 57 64 14 59 88 12 45 96 47 36 85 35 67 16 50 63 52 48 46 80 86 11 56 75 34 20 26 87 33 62 89 54 91 68 23 25 98 94 9 72 15 41 17 30 42 74 4 37 5 0 58 29 61 90 84 40 8 10 71 77
TEST 114 ARG:32 42 26 41 5 15 23 66 92 89 77 90 79 70 94 60 58 78 64 11 55 12 17 43 50 19 93 37 2 6 38 35 33 47 13 74 28 4 61 48 81 88 68 86 31 21 99 49 30 34 62 46 20 54 16 85 27 29 69 3 57 72 0 51 53 9 44 36 25 76 96 95 56 40 82 67 52 63 91 7 73 65 83 98 97 59 84 71 75 45 22 10 80 8 1 18 39 24 87 14
TEST 114 ARG:32 42 26 41 5 15 23 66 92 89 77 90 79 70 94 60 58 78 64 11 55 12 17 43 50 19 93 37 2 6 38 35 33 47 13 74 28 4 61 48 81 88 68 86 31 21 99 49 30 34 62 46 20 54 16 85 27 29 69 3 57 72 0 51 53 9 44 36 25 76 96 95 56 40 82 67 52 63 91 7 73 65 83 98 97 59 84 71 75 45 22 10 80 8 1 18 39 24 87 14
